# time  <MSD_cm>_multi_origin  counts
0.000000000000000000e+00 0.000000000000000000e+00 1.281280000000000000e+05
2.000000000000000000e+00 1.498868213567696728e-01 1.280000000000000000e+05
4.000000000000000000e+00 2.998170519663276301e-01 1.278720000000000000e+05
6.000000000000000000e+00 4.497020177822147469e-01 1.277440000000000000e+05
8.000000000000000000e+00 6.005242974081731466e-01 1.276160000000000000e+05
1.000000000000000000e+01 7.513800344087698813e-01 1.274880000000000000e+05
1.200000000000000000e+01 9.014791757246966020e-01 1.273600000000000000e+05
1.400000000000000000e+01 1.051077267600891485e+00 1.272320000000000000e+05
1.600000000000000000e+01 1.200471660867238555e+00 1.271040000000000000e+05
1.800000000000000000e+01 1.349815689174240996e+00 1.269760000000000000e+05
2.000000000000000000e+01 1.499457320053940945e+00 1.268480000000000000e+05
2.200000000000000000e+01 1.649108604176286574e+00 1.267200000000000000e+05
2.400000000000000000e+01 1.799398132593827748e+00 1.265920000000000000e+05
2.600000000000000000e+01 1.949758707736210406e+00 1.264640000000000000e+05
2.800000000000000000e+01 2.100519324618789430e+00 1.263360000000000000e+05
3.000000000000000000e+01 2.250551555302259032e+00 1.262080000000000000e+05
3.200000000000000000e+01 2.400025823964029303e+00 1.260800000000000000e+05
3.400000000000000000e+01 2.549541281114364288e+00 1.259520000000000000e+05
3.600000000000000000e+01 2.699149844240850360e+00 1.258240000000000000e+05
3.800000000000000000e+01 2.849600819127741769e+00 1.256960000000000000e+05
4.000000000000000000e+01 3.000953631567359281e+00 1.255680000000000000e+05
4.200000000000000000e+01 3.152672082305616019e+00 1.254400000000000000e+05
4.400000000000000000e+01 3.303893165741774052e+00 1.253120000000000000e+05
4.600000000000000000e+01 3.455051783769467200e+00 1.251840000000000000e+05
4.800000000000000000e+01 3.605778661009952035e+00 1.250560000000000000e+05
5.000000000000000000e+01 3.756726079199678825e+00 1.249280000000000000e+05
5.200000000000000000e+01 3.907579303797636960e+00 1.248000000000000000e+05
5.400000000000000000e+01 4.058037942701867351e+00 1.246720000000000000e+05
5.600000000000000000e+01 4.208254124998103585e+00 1.245440000000000000e+05
5.800000000000000000e+01 4.358995810805557980e+00 1.244160000000000000e+05
6.000000000000000000e+01 4.509328950348945320e+00 1.242880000000000000e+05
6.200000000000000000e+01 4.659584665851393304e+00 1.241600000000000000e+05
6.400000000000000000e+01 4.809559873754931658e+00 1.240320000000000000e+05
6.600000000000000000e+01 4.958756018779244990e+00 1.239040000000000000e+05
6.800000000000000000e+01 5.107826390952672213e+00 1.237760000000000000e+05
7.000000000000000000e+01 5.257476340737035514e+00 1.236480000000000000e+05
7.200000000000000000e+01 5.406255573794330971e+00 1.235200000000000000e+05
7.400000000000000000e+01 5.555105054314149804e+00 1.233920000000000000e+05
7.600000000000000000e+01 5.703866926454461250e+00 1.232640000000000000e+05
7.800000000000000000e+01 5.852330512745902880e+00 1.231360000000000000e+05
8.000000000000000000e+01 6.000894786244483470e+00 1.230080000000000000e+05
8.200000000000000000e+01 6.150070326277400135e+00 1.228800000000000000e+05
8.400000000000000000e+01 6.298481728035566718e+00 1.227520000000000000e+05
8.600000000000000000e+01 6.447565331216534190e+00 1.226240000000000000e+05
8.800000000000000000e+01 6.597016769768938360e+00 1.224960000000000000e+05
9.000000000000000000e+01 6.746442809990651490e+00 1.223680000000000000e+05
9.200000000000000000e+01 6.896839934209940459e+00 1.222400000000000000e+05
9.400000000000000000e+01 7.046758676142623301e+00 1.221120000000000000e+05
9.600000000000000000e+01 7.196168185888094371e+00 1.219840000000000000e+05
9.800000000000000000e+01 7.345369244819531573e+00 1.218560000000000000e+05
1.000000000000000000e+02 7.494963881172658660e+00 1.217280000000000000e+05
1.020000000000000000e+02 7.645720313102865262e+00 1.216000000000000000e+05
1.040000000000000000e+02 7.795470149319960740e+00 1.214720000000000000e+05
1.060000000000000000e+02 7.944301657943190875e+00 1.213440000000000000e+05
1.080000000000000000e+02 8.093262439616898618e+00 1.212160000000000000e+05
1.100000000000000000e+02 8.242449759171543988e+00 1.210880000000000000e+05
1.120000000000000000e+02 8.391552463201847445e+00 1.209600000000000000e+05
1.140000000000000000e+02 8.540192887596269600e+00 1.208320000000000000e+05
1.160000000000000000e+02 8.689394065919751498e+00 1.207040000000000000e+05
1.180000000000000000e+02 8.838259340121354057e+00 1.205760000000000000e+05
1.200000000000000000e+02 8.987003990484545568e+00 1.204480000000000000e+05
1.220000000000000000e+02 9.135892930958473102e+00 1.203200000000000000e+05
1.240000000000000000e+02 9.284830370194899984e+00 1.201920000000000000e+05
1.260000000000000000e+02 9.433699918650463090e+00 1.200640000000000000e+05
1.280000000000000000e+02 9.583633530662293509e+00 1.199360000000000000e+05
1.300000000000000000e+02 9.733769222092730544e+00 1.198080000000000000e+05
1.320000000000000000e+02 9.883645285248375600e+00 1.196800000000000000e+05
1.340000000000000000e+02 1.003315974768594820e+01 1.195520000000000000e+05
1.360000000000000000e+02 1.018369999733205233e+01 1.194240000000000000e+05
1.380000000000000000e+02 1.033418271059194993e+01 1.192960000000000000e+05
1.400000000000000000e+02 1.048421956692803292e+01 1.191680000000000000e+05
1.420000000000000000e+02 1.063407856465377677e+01 1.190400000000000000e+05
1.440000000000000000e+02 1.078347184347095400e+01 1.189120000000000000e+05
1.460000000000000000e+02 1.093318183418010214e+01 1.187840000000000000e+05
1.480000000000000000e+02 1.108265679837016293e+01 1.186560000000000000e+05
1.500000000000000000e+02 1.123203197964812006e+01 1.185280000000000000e+05
1.520000000000000000e+02 1.138246775181451653e+01 1.184000000000000000e+05
1.540000000000000000e+02 1.153349182688378249e+01 1.182720000000000000e+05
1.560000000000000000e+02 1.168488013159945993e+01 1.181440000000000000e+05
1.580000000000000000e+02 1.183716676537295776e+01 1.180160000000000000e+05
1.600000000000000000e+02 1.198896177312002465e+01 1.178880000000000000e+05
1.620000000000000000e+02 1.214023853235736361e+01 1.177600000000000000e+05
1.640000000000000000e+02 1.229067750278603910e+01 1.176320000000000000e+05
1.660000000000000000e+02 1.244095904230386829e+01 1.175040000000000000e+05
1.680000000000000000e+02 1.259126868813282485e+01 1.173760000000000000e+05
1.700000000000000000e+02 1.274244519071005044e+01 1.172480000000000000e+05
1.720000000000000000e+02 1.289311608955479471e+01 1.171200000000000000e+05
1.740000000000000000e+02 1.304443901482662582e+01 1.169920000000000000e+05
1.760000000000000000e+02 1.319575818804001699e+01 1.168640000000000000e+05
1.780000000000000000e+02 1.334632083274234127e+01 1.167360000000000000e+05
1.800000000000000000e+02 1.349545963956320094e+01 1.166080000000000000e+05
1.820000000000000000e+02 1.364546393125027102e+01 1.164800000000000000e+05
1.840000000000000000e+02 1.379501854376686154e+01 1.163520000000000000e+05
1.860000000000000000e+02 1.394414797157510399e+01 1.162240000000000000e+05
1.880000000000000000e+02 1.409367624820596987e+01 1.160960000000000000e+05
1.900000000000000000e+02 1.424360304134154731e+01 1.159680000000000000e+05
1.920000000000000000e+02 1.439452114938699800e+01 1.158400000000000000e+05
1.940000000000000000e+02 1.454519685861368039e+01 1.157120000000000000e+05
1.960000000000000000e+02 1.469684293305513556e+01 1.155840000000000000e+05
1.980000000000000000e+02 1.484932937661188213e+01 1.154560000000000000e+05
2.000000000000000000e+02 1.500078999904744670e+01 1.153280000000000000e+05
2.020000000000000000e+02 1.515188381052962718e+01 1.152000000000000000e+05
2.040000000000000000e+02 1.530362353637155159e+01 1.150720000000000000e+05
2.060000000000000000e+02 1.545512472086346634e+01 1.149440000000000000e+05
2.080000000000000000e+02 1.560731072580108503e+01 1.148160000000000000e+05
2.100000000000000000e+02 1.575928515877326852e+01 1.146880000000000000e+05
2.120000000000000000e+02 1.591105879241378318e+01 1.145600000000000000e+05
2.140000000000000000e+02 1.606230747907429546e+01 1.144320000000000000e+05
2.160000000000000000e+02 1.621301331166749904e+01 1.143040000000000000e+05
2.180000000000000000e+02 1.636352390007077062e+01 1.141760000000000000e+05
2.200000000000000000e+02 1.651374688597412188e+01 1.140480000000000000e+05
2.220000000000000000e+02 1.666381583360654517e+01 1.139200000000000000e+05
2.240000000000000000e+02 1.681370620271556149e+01 1.137920000000000000e+05
2.260000000000000000e+02 1.696376256328807131e+01 1.136640000000000000e+05
2.280000000000000000e+02 1.711389860453380862e+01 1.135360000000000000e+05
2.300000000000000000e+02 1.726403010554016504e+01 1.134080000000000000e+05
2.320000000000000000e+02 1.741286222457650368e+01 1.132800000000000000e+05
2.340000000000000000e+02 1.756126206764804465e+01 1.131520000000000000e+05
2.360000000000000000e+02 1.771093458878261728e+01 1.130240000000000000e+05
2.380000000000000000e+02 1.786133947305615166e+01 1.128960000000000000e+05
2.400000000000000000e+02 1.801204153255596907e+01 1.127680000000000000e+05
2.420000000000000000e+02 1.816294113895575890e+01 1.126400000000000000e+05
2.440000000000000000e+02 1.831379241303437411e+01 1.125120000000000000e+05
2.460000000000000000e+02 1.846511245143605251e+01 1.123840000000000000e+05
2.480000000000000000e+02 1.861655913716619892e+01 1.122560000000000000e+05
2.500000000000000000e+02 1.876774728739061615e+01 1.121280000000000000e+05
2.520000000000000000e+02 1.891897912802150472e+01 1.120000000000000000e+05
2.540000000000000000e+02 1.906978582496716967e+01 1.118720000000000000e+05
2.560000000000000000e+02 1.922052284807309874e+01 1.117440000000000000e+05
2.580000000000000000e+02 1.937150163634139588e+01 1.116160000000000000e+05
2.600000000000000000e+02 1.952233472137385561e+01 1.114880000000000000e+05
2.620000000000000000e+02 1.967274965467089132e+01 1.113600000000000000e+05
2.640000000000000000e+02 1.982284406657216991e+01 1.112320000000000000e+05
2.660000000000000000e+02 1.997263607607001745e+01 1.111040000000000000e+05
2.680000000000000000e+02 2.012246819987551305e+01 1.109760000000000000e+05
2.700000000000000000e+02 2.027181900922046154e+01 1.108480000000000000e+05
2.720000000000000000e+02 2.042052010786530403e+01 1.107200000000000000e+05
2.740000000000000000e+02 2.056945793811074097e+01 1.105920000000000000e+05
2.760000000000000000e+02 2.071841213105835067e+01 1.104640000000000000e+05
2.780000000000000000e+02 2.086791052391228973e+01 1.103360000000000000e+05
2.800000000000000000e+02 2.101873420716782803e+01 1.102080000000000000e+05
2.820000000000000000e+02 2.116944619939630456e+01 1.100800000000000000e+05
2.840000000000000000e+02 2.132030509897584736e+01 1.099520000000000000e+05
2.860000000000000000e+02 2.147055123781878905e+01 1.098240000000000000e+05
2.880000000000000000e+02 2.162079534797792135e+01 1.096960000000000000e+05
2.900000000000000000e+02 2.177180563568061800e+01 1.095680000000000000e+05
2.920000000000000000e+02 2.192280237306745150e+01 1.094400000000000000e+05
2.940000000000000000e+02 2.207428816569094820e+01 1.093120000000000000e+05
2.960000000000000000e+02 2.222592134636284200e+01 1.091840000000000000e+05
2.980000000000000000e+02 2.237774344857616526e+01 1.090560000000000000e+05
3.000000000000000000e+02 2.252863409651138227e+01 1.089280000000000000e+05
3.020000000000000000e+02 2.267875188509612627e+01 1.088000000000000000e+05
3.040000000000000000e+02 2.282957003704683530e+01 1.086720000000000000e+05
3.060000000000000000e+02 2.298066634150936238e+01 1.085440000000000000e+05
3.080000000000000000e+02 2.313237424697970113e+01 1.084160000000000000e+05
3.100000000000000000e+02 2.328371745113045321e+01 1.082880000000000000e+05
3.120000000000000000e+02 2.343428385353150389e+01 1.081600000000000000e+05
3.140000000000000000e+02 2.358523934510742848e+01 1.080320000000000000e+05
3.160000000000000000e+02 2.373637112161508966e+01 1.079040000000000000e+05
3.180000000000000000e+02 2.388714049629804848e+01 1.077760000000000000e+05
3.200000000000000000e+02 2.403892325767810334e+01 1.076480000000000000e+05
3.220000000000000000e+02 2.419081016431526265e+01 1.075200000000000000e+05
3.240000000000000000e+02 2.434325296876455624e+01 1.073920000000000000e+05
3.260000000000000000e+02 2.449570048451914062e+01 1.072640000000000000e+05
3.280000000000000000e+02 2.464825765758034493e+01 1.071360000000000000e+05
3.300000000000000000e+02 2.480246773969745178e+01 1.070080000000000000e+05
3.320000000000000000e+02 2.495678360911228566e+01 1.068800000000000000e+05
3.340000000000000000e+02 2.511164780911829197e+01 1.067520000000000000e+05
3.360000000000000000e+02 2.526622184764532975e+01 1.066240000000000000e+05
3.380000000000000000e+02 2.541994543015359298e+01 1.064960000000000000e+05
3.400000000000000000e+02 2.557343987241797123e+01 1.063680000000000000e+05
3.420000000000000000e+02 2.572556696733204262e+01 1.062400000000000000e+05
3.440000000000000000e+02 2.587754221053160109e+01 1.061120000000000000e+05
3.460000000000000000e+02 2.603048259021197097e+01 1.059840000000000000e+05
3.480000000000000000e+02 2.618352228934783454e+01 1.058560000000000000e+05
3.500000000000000000e+02 2.633640914383383702e+01 1.057280000000000000e+05
3.520000000000000000e+02 2.648889540075041538e+01 1.056000000000000000e+05
3.540000000000000000e+02 2.664247292078327334e+01 1.054720000000000000e+05
3.560000000000000000e+02 2.679661387415604779e+01 1.053440000000000000e+05
3.580000000000000000e+02 2.695096651358932860e+01 1.052160000000000000e+05
3.600000000000000000e+02 2.710494087273394470e+01 1.050880000000000000e+05
3.620000000000000000e+02 2.725823114330170327e+01 1.049600000000000000e+05
3.640000000000000000e+02 2.741091126043398774e+01 1.048320000000000000e+05
3.660000000000000000e+02 2.756415436680577002e+01 1.047040000000000000e+05
3.680000000000000000e+02 2.771760785900241331e+01 1.045760000000000000e+05
3.700000000000000000e+02 2.787155667978706930e+01 1.044480000000000000e+05
3.720000000000000000e+02 2.802561357362527161e+01 1.043200000000000000e+05
3.740000000000000000e+02 2.818055874960365159e+01 1.041920000000000000e+05
3.760000000000000000e+02 2.833568240134408356e+01 1.040640000000000000e+05
3.780000000000000000e+02 2.849148338908692679e+01 1.039360000000000000e+05
3.800000000000000000e+02 2.864815431480798935e+01 1.038080000000000000e+05
3.820000000000000000e+02 2.880490817245436119e+01 1.036800000000000000e+05
3.840000000000000000e+02 2.896214097625465556e+01 1.035520000000000000e+05
3.860000000000000000e+02 2.911984524525002627e+01 1.034240000000000000e+05
3.880000000000000000e+02 2.927751806517147415e+01 1.032960000000000000e+05
3.900000000000000000e+02 2.943707190873618273e+01 1.031680000000000000e+05
3.920000000000000000e+02 2.959786010978170623e+01 1.030400000000000000e+05
3.940000000000000000e+02 2.975900074154603558e+01 1.029120000000000000e+05
3.960000000000000000e+02 2.992055968490471685e+01 1.027840000000000000e+05
3.980000000000000000e+02 3.008211716626906096e+01 1.026560000000000000e+05
4.000000000000000000e+02 3.024387821670989851e+01 1.025280000000000000e+05
4.020000000000000000e+02 3.040574316419403189e+01 1.024000000000000000e+05
4.040000000000000000e+02 3.056727112946954250e+01 1.022720000000000000e+05
4.060000000000000000e+02 3.072888544502365349e+01 1.021440000000000000e+05
4.080000000000000000e+02 3.088961827959146333e+01 1.020160000000000000e+05
4.100000000000000000e+02 3.105051901316209140e+01 1.018880000000000000e+05
4.120000000000000000e+02 3.121076034445109570e+01 1.017600000000000000e+05
4.140000000000000000e+02 3.137158983680406621e+01 1.016320000000000000e+05
4.160000000000000000e+02 3.153233556140112626e+01 1.015040000000000000e+05
4.180000000000000000e+02 3.169256074735298512e+01 1.013760000000000000e+05
4.200000000000000000e+02 3.185352764935236891e+01 1.012480000000000000e+05
4.220000000000000000e+02 3.201394633233278597e+01 1.011200000000000000e+05
4.240000000000000000e+02 3.217419262408530756e+01 1.009920000000000000e+05
4.260000000000000000e+02 3.233406544036867558e+01 1.008640000000000000e+05
4.280000000000000000e+02 3.249510381165566741e+01 1.007360000000000000e+05
4.300000000000000000e+02 3.265597157449503385e+01 1.006080000000000000e+05
4.320000000000000000e+02 3.281792281207200546e+01 1.004800000000000000e+05
4.340000000000000000e+02 3.297989445884196158e+01 1.003520000000000000e+05
4.360000000000000000e+02 3.314235648907984455e+01 1.002240000000000000e+05
4.380000000000000000e+02 3.330649138525184583e+01 1.000960000000000000e+05
4.400000000000000000e+02 3.347072186779598013e+01 9.996800000000000000e+04
4.420000000000000000e+02 3.363466529043625286e+01 9.984000000000000000e+04
4.440000000000000000e+02 3.379890924368224603e+01 9.971200000000000000e+04
4.460000000000000000e+02 3.396360543326071024e+01 9.958400000000000000e+04
4.480000000000000000e+02 3.412849223606753668e+01 9.945600000000000000e+04
4.500000000000000000e+02 3.429469027628260847e+01 9.932800000000000000e+04
4.520000000000000000e+02 3.446143311867319170e+01 9.920000000000000000e+04
4.540000000000000000e+02 3.462908734157687718e+01 9.907200000000000000e+04
4.560000000000000000e+02 3.479737766303168911e+01 9.894400000000000000e+04
4.580000000000000000e+02 3.496590950943279807e+01 9.881600000000000000e+04
4.600000000000000000e+02 3.513427847530667947e+01 9.868800000000000000e+04
4.620000000000000000e+02 3.530215034506680638e+01 9.856000000000000000e+04
4.640000000000000000e+02 3.546947349381404280e+01 9.843200000000000000e+04
4.660000000000000000e+02 3.563622604480304545e+01 9.830400000000000000e+04
4.680000000000000000e+02 3.580381764319019311e+01 9.817600000000000000e+04
4.700000000000000000e+02 3.597232191712162575e+01 9.804800000000000000e+04
4.720000000000000000e+02 3.614135254386568619e+01 9.792000000000000000e+04
4.740000000000000000e+02 3.631002536654079194e+01 9.779200000000000000e+04
4.760000000000000000e+02 3.647819137739835327e+01 9.766400000000000000e+04
4.780000000000000000e+02 3.664616918866087047e+01 9.753600000000000000e+04
4.800000000000000000e+02 3.681302069699792412e+01 9.740800000000000000e+04
4.820000000000000000e+02 3.698008196395151970e+01 9.728000000000000000e+04
4.840000000000000000e+02 3.714713465897372657e+01 9.715200000000000000e+04
4.860000000000000000e+02 3.731443221760419959e+01 9.702400000000000000e+04
4.880000000000000000e+02 3.748248526277027537e+01 9.689600000000000000e+04
4.900000000000000000e+02 3.765165509040600256e+01 9.676800000000000000e+04
4.920000000000000000e+02 3.781950147921077843e+01 9.664000000000000000e+04
4.940000000000000000e+02 3.798788204237151689e+01 9.651200000000000000e+04
4.960000000000000000e+02 3.815520267666280319e+01 9.638400000000000000e+04
4.980000000000000000e+02 3.832224481990264309e+01 9.625600000000000000e+04
5.000000000000000000e+02 3.849023560058574844e+01 9.612800000000000000e+04
5.020000000000000000e+02 3.865786238911817918e+01 9.600000000000000000e+04
5.040000000000000000e+02 3.882519233422314642e+01 9.587200000000000000e+04
5.060000000000000000e+02 3.899317322692437671e+01 9.574400000000000000e+04
5.080000000000000000e+02 3.916135637922890567e+01 9.561600000000000000e+04
5.100000000000000000e+02 3.933002993546831050e+01 9.548800000000000000e+04
5.120000000000000000e+02 3.949865270865950606e+01 9.536000000000000000e+04
5.140000000000000000e+02 3.966751899196219000e+01 9.523200000000000000e+04
5.160000000000000000e+02 3.983667290267774774e+01 9.510400000000000000e+04
5.180000000000000000e+02 4.000772772097015206e+01 9.497600000000000000e+04
5.200000000000000000e+02 4.017714675566013938e+01 9.484800000000000000e+04
5.220000000000000000e+02 4.034705322329220678e+01 9.472000000000000000e+04
5.240000000000000000e+02 4.051667635339063622e+01 9.459200000000000000e+04
5.260000000000000000e+02 4.068648111228363007e+01 9.446400000000000000e+04
5.280000000000000000e+02 4.085462404795198665e+01 9.433600000000000000e+04
5.300000000000000000e+02 4.102300975462097199e+01 9.420800000000000000e+04
5.320000000000000000e+02 4.119125705524797354e+01 9.408000000000000000e+04
5.340000000000000000e+02 4.135930774347406924e+01 9.395200000000000000e+04
5.360000000000000000e+02 4.152740578685246930e+01 9.382400000000000000e+04
5.380000000000000000e+02 4.169501033722447403e+01 9.369600000000000000e+04
5.400000000000000000e+02 4.186225114129928926e+01 9.356800000000000000e+04
5.420000000000000000e+02 4.202951594074139052e+01 9.344000000000000000e+04
5.440000000000000000e+02 4.219542288235902561e+01 9.331200000000000000e+04
5.460000000000000000e+02 4.236174619785082740e+01 9.318400000000000000e+04
5.480000000000000000e+02 4.252819220163541303e+01 9.305600000000000000e+04
5.500000000000000000e+02 4.269457025268636841e+01 9.292800000000000000e+04
5.520000000000000000e+02 4.285971315126567305e+01 9.280000000000000000e+04
5.540000000000000000e+02 4.302467029743242222e+01 9.267200000000000000e+04
5.560000000000000000e+02 4.318986655798978092e+01 9.254400000000000000e+04
5.580000000000000000e+02 4.335569781550072577e+01 9.241600000000000000e+04
5.600000000000000000e+02 4.352133128999282974e+01 9.228800000000000000e+04
5.620000000000000000e+02 4.368764935329097909e+01 9.216000000000000000e+04
5.640000000000000000e+02 4.385298772505731080e+01 9.203200000000000000e+04
5.660000000000000000e+02 4.401813626588096184e+01 9.190400000000000000e+04
5.680000000000000000e+02 4.418363598552353722e+01 9.177600000000000000e+04
5.700000000000000000e+02 4.434823758206760402e+01 9.164800000000000000e+04
5.720000000000000000e+02 4.451206425254738264e+01 9.152000000000000000e+04
5.740000000000000000e+02 4.467556716763697011e+01 9.139200000000000000e+04
5.760000000000000000e+02 4.483968881201032985e+01 9.126400000000000000e+04
5.780000000000000000e+02 4.500367662123881729e+01 9.113600000000000000e+04
5.800000000000000000e+02 4.516709659594939552e+01 9.100800000000000000e+04
5.820000000000000000e+02 4.533007347546686816e+01 9.088000000000000000e+04
5.840000000000000000e+02 4.549339127537788130e+01 9.075200000000000000e+04
5.860000000000000000e+02 4.565652301055553153e+01 9.062400000000000000e+04
5.880000000000000000e+02 4.581919320504638904e+01 9.049600000000000000e+04
5.900000000000000000e+02 4.598039143172380960e+01 9.036800000000000000e+04
5.920000000000000000e+02 4.614186870911628802e+01 9.024000000000000000e+04
5.940000000000000000e+02 4.630388878441078049e+01 9.011200000000000000e+04
5.960000000000000000e+02 4.646621905198784930e+01 8.998400000000000000e+04
5.980000000000000000e+02 4.662925793798202534e+01 8.985600000000000000e+04
6.000000000000000000e+02 4.679268631354934627e+01 8.972800000000000000e+04
6.020000000000000000e+02 4.695686302985926375e+01 8.960000000000000000e+04
6.040000000000000000e+02 4.712079458605943216e+01 8.947200000000000000e+04
6.060000000000000000e+02 4.728479972324296909e+01 8.934400000000000000e+04
6.080000000000000000e+02 4.744776636132106518e+01 8.921600000000000000e+04
6.100000000000000000e+02 4.761247234531306560e+01 8.908800000000000000e+04
6.120000000000000000e+02 4.777797946929708672e+01 8.896000000000000000e+04
6.140000000000000000e+02 4.794324849514206477e+01 8.883200000000000000e+04
6.160000000000000000e+02 4.810859918591865636e+01 8.870400000000000000e+04
6.180000000000000000e+02 4.827406118500943677e+01 8.857600000000000000e+04
6.200000000000000000e+02 4.843917059212889598e+01 8.844800000000000000e+04
6.220000000000000000e+02 4.860435569475029638e+01 8.832000000000000000e+04
6.240000000000000000e+02 4.876946866772256328e+01 8.819200000000000000e+04
6.260000000000000000e+02 4.893576614885522957e+01 8.806400000000000000e+04
6.280000000000000000e+02 4.910119872330258772e+01 8.793600000000000000e+04
6.300000000000000000e+02 4.926643169831772440e+01 8.780800000000000000e+04
6.320000000000000000e+02 4.943227754890406800e+01 8.768000000000000000e+04
6.340000000000000000e+02 4.959763187088555014e+01 8.755200000000000000e+04
6.360000000000000000e+02 4.976325329626704530e+01 8.742400000000000000e+04
6.380000000000000000e+02 4.992959234310119854e+01 8.729600000000000000e+04
6.400000000000000000e+02 5.009693261211960191e+01 8.716800000000000000e+04
6.420000000000000000e+02 5.026384553422703050e+01 8.704000000000000000e+04
6.440000000000000000e+02 5.043112490441776430e+01 8.691200000000000000e+04
6.460000000000000000e+02 5.059868173704795424e+01 8.678400000000000000e+04
6.480000000000000000e+02 5.076449339396383209e+01 8.665600000000000000e+04
6.500000000000000000e+02 5.093019714579448021e+01 8.652800000000000000e+04
6.520000000000000000e+02 5.109704030020522225e+01 8.640000000000000000e+04
6.540000000000000000e+02 5.126444945476888648e+01 8.627200000000000000e+04
6.560000000000000000e+02 5.143154319528897389e+01 8.614400000000000000e+04
6.580000000000000000e+02 5.159694903739341498e+01 8.601600000000000000e+04
6.600000000000000000e+02 5.176232059331192659e+01 8.588800000000000000e+04
6.620000000000000000e+02 5.192964004096289443e+01 8.576000000000000000e+04
6.640000000000000000e+02 5.209622919410034569e+01 8.563200000000000000e+04
6.660000000000000000e+02 5.226210181483058648e+01 8.550400000000000000e+04
6.680000000000000000e+02 5.242702984858395610e+01 8.537600000000000000e+04
6.700000000000000000e+02 5.259183654844029121e+01 8.524800000000000000e+04
6.720000000000000000e+02 5.275644797798742047e+01 8.512000000000000000e+04
6.740000000000000000e+02 5.292236489432307422e+01 8.499200000000000000e+04
6.760000000000000000e+02 5.308761839756694911e+01 8.486400000000000000e+04
6.780000000000000000e+02 5.325343690470900526e+01 8.473600000000000000e+04
6.800000000000000000e+02 5.341981191903920489e+01 8.460800000000000000e+04
6.820000000000000000e+02 5.358648719388103387e+01 8.448000000000000000e+04
6.840000000000000000e+02 5.375388644638360347e+01 8.435200000000000000e+04
6.860000000000000000e+02 5.392164679889297219e+01 8.422400000000000000e+04
6.880000000000000000e+02 5.408836866089092155e+01 8.409600000000000000e+04
6.900000000000000000e+02 5.425366414586866171e+01 8.396800000000000000e+04
6.920000000000000000e+02 5.442095085663109444e+01 8.384000000000000000e+04
6.940000000000000000e+02 5.458813598748154305e+01 8.371200000000000000e+04
6.960000000000000000e+02 5.475601207160822526e+01 8.358400000000000000e+04
6.980000000000000000e+02 5.492393686485358728e+01 8.345600000000000000e+04
7.000000000000000000e+02 5.509098753596470033e+01 8.332800000000000000e+04
7.020000000000000000e+02 5.525944965697237166e+01 8.320000000000000000e+04
7.040000000000000000e+02 5.542813601141682511e+01 8.307200000000000000e+04
7.060000000000000000e+02 5.559737942917500675e+01 8.294400000000000000e+04
7.080000000000000000e+02 5.576705396748820220e+01 8.281600000000000000e+04
7.100000000000000000e+02 5.593516142702521421e+01 8.268800000000000000e+04
7.120000000000000000e+02 5.610506974458787255e+01 8.256000000000000000e+04
7.140000000000000000e+02 5.627607604953055187e+01 8.243200000000000000e+04
7.160000000000000000e+02 5.644661539518340732e+01 8.230400000000000000e+04
7.180000000000000000e+02 5.661694997614393543e+01 8.217600000000000000e+04
7.200000000000000000e+02 5.678698237552059425e+01 8.204800000000000000e+04
7.220000000000000000e+02 5.695847800466077615e+01 8.192000000000000000e+04
7.240000000000000000e+02 5.712937963225488858e+01 8.179200000000000000e+04
7.260000000000000000e+02 5.729955563497821913e+01 8.166400000000000000e+04
7.280000000000000000e+02 5.747083715436108520e+01 8.153600000000000000e+04
7.300000000000000000e+02 5.764217114195206904e+01 8.140800000000000000e+04
7.320000000000000000e+02 5.781300298901768286e+01 8.128000000000000000e+04
7.340000000000000000e+02 5.798368253682765072e+01 8.115200000000000000e+04
7.360000000000000000e+02 5.815259694880599284e+01 8.102400000000000000e+04
7.380000000000000000e+02 5.832271677883029781e+01 8.089600000000000000e+04
7.400000000000000000e+02 5.849331263007092474e+01 8.076800000000000000e+04
7.420000000000000000e+02 5.866400199126698567e+01 8.064000000000000000e+04
7.440000000000000000e+02 5.883437164337843939e+01 8.051200000000000000e+04
7.460000000000000000e+02 5.900584111855054203e+01 8.038400000000000000e+04
7.480000000000000000e+02 5.917885979954306208e+01 8.025600000000000000e+04
7.500000000000000000e+02 5.935198114753047349e+01 8.012800000000000000e+04
7.520000000000000000e+02 5.952647125321362154e+01 8.000000000000000000e+04
7.540000000000000000e+02 5.970065462843222548e+01 7.987200000000000000e+04
7.560000000000000000e+02 5.987466730413833460e+01 7.974400000000000000e+04
7.580000000000000000e+02 6.004859853006502846e+01 7.961600000000000000e+04
7.600000000000000000e+02 6.022287066466609673e+01 7.948800000000000000e+04
7.620000000000000000e+02 6.039540142077275675e+01 7.936000000000000000e+04
7.640000000000000000e+02 6.056799108522942277e+01 7.923200000000000000e+04
7.660000000000000000e+02 6.074100244263610193e+01 7.910400000000000000e+04
7.680000000000000000e+02 6.091335068692028187e+01 7.897600000000000000e+04
7.700000000000000000e+02 6.108517775928464744e+01 7.884800000000000000e+04
7.720000000000000000e+02 6.125648141590932738e+01 7.872000000000000000e+04
7.740000000000000000e+02 6.142818268606783505e+01 7.859200000000000000e+04
7.760000000000000000e+02 6.159991688993421377e+01 7.846400000000000000e+04
7.780000000000000000e+02 6.177123715577091190e+01 7.833600000000000000e+04
7.800000000000000000e+02 6.194340564690573814e+01 7.820800000000000000e+04
7.820000000000000000e+02 6.211524057707250535e+01 7.808000000000000000e+04
7.840000000000000000e+02 6.228682655567573079e+01 7.795200000000000000e+04
7.860000000000000000e+02 6.245910126412476870e+01 7.782400000000000000e+04
7.880000000000000000e+02 6.263157988225017903e+01 7.769600000000000000e+04
7.900000000000000000e+02 6.280173399550756841e+01 7.756800000000000000e+04
7.920000000000000000e+02 6.297035357559944657e+01 7.744000000000000000e+04
7.940000000000000000e+02 6.313964256633522609e+01 7.731200000000000000e+04
7.960000000000000000e+02 6.330986871462358323e+01 7.718400000000000000e+04
7.980000000000000000e+02 6.347998248762066709e+01 7.705600000000000000e+04
8.000000000000000000e+02 6.365082723943350373e+01 7.692800000000000000e+04
8.020000000000000000e+02 6.382101346112298756e+01 7.680000000000000000e+04
8.040000000000000000e+02 6.399278499146608823e+01 7.667200000000000000e+04
8.060000000000000000e+02 6.416441843952286206e+01 7.654400000000000000e+04
8.080000000000000000e+02 6.433544586576014979e+01 7.641600000000000000e+04
8.100000000000000000e+02 6.450606184252964681e+01 7.628800000000000000e+04
8.120000000000000000e+02 6.467676627051110927e+01 7.616000000000000000e+04
8.140000000000000000e+02 6.484794813572004557e+01 7.603200000000000000e+04
8.160000000000000000e+02 6.501924665409202930e+01 7.590400000000000000e+04
8.180000000000000000e+02 6.519119734450823955e+01 7.577600000000000000e+04
8.200000000000000000e+02 6.536386682090657985e+01 7.564800000000000000e+04
8.220000000000000000e+02 6.553735355953341468e+01 7.552000000000000000e+04
8.240000000000000000e+02 6.570929295033383255e+01 7.539200000000000000e+04
8.260000000000000000e+02 6.588084478157985302e+01 7.526400000000000000e+04
8.280000000000000000e+02 6.605401483612322977e+01 7.513600000000000000e+04
8.300000000000000000e+02 6.622801663110976733e+01 7.500800000000000000e+04
8.320000000000000000e+02 6.640280000601502763e+01 7.488000000000000000e+04
8.340000000000000000e+02 6.657618141404218193e+01 7.475200000000000000e+04
8.360000000000000000e+02 6.674876946491694696e+01 7.462400000000000000e+04
8.380000000000000000e+02 6.692089597354461716e+01 7.449600000000000000e+04
8.400000000000000000e+02 6.708940054172346379e+01 7.436800000000000000e+04
8.420000000000000000e+02 6.725837342612197745e+01 7.424000000000000000e+04
8.440000000000000000e+02 6.742694307918443997e+01 7.411200000000000000e+04
8.460000000000000000e+02 6.759427192774302284e+01 7.398400000000000000e+04
8.480000000000000000e+02 6.776296153956171509e+01 7.385600000000000000e+04
8.500000000000000000e+02 6.793280326961991022e+01 7.372800000000000000e+04
8.520000000000000000e+02 6.810236819700125466e+01 7.360000000000000000e+04
8.540000000000000000e+02 6.827126500249289620e+01 7.347200000000000000e+04
8.560000000000000000e+02 6.844089647839599877e+01 7.334400000000000000e+04
8.580000000000000000e+02 6.861048243278706593e+01 7.321600000000000000e+04
8.600000000000000000e+02 6.877856691195626127e+01 7.308800000000000000e+04
8.620000000000000000e+02 6.894650804583014292e+01 7.296000000000000000e+04
8.640000000000000000e+02 6.911406065609882887e+01 7.283200000000000000e+04
8.660000000000000000e+02 6.928181384539954024e+01 7.270400000000000000e+04
8.680000000000000000e+02 6.945016551282613193e+01 7.257600000000000000e+04
8.700000000000000000e+02 6.961753905326453662e+01 7.244800000000000000e+04
8.720000000000000000e+02 6.978368550575210350e+01 7.232000000000000000e+04
8.740000000000000000e+02 6.994917747940824881e+01 7.219200000000000000e+04
8.760000000000000000e+02 7.011625909439585769e+01 7.206400000000000000e+04
8.780000000000000000e+02 7.028335257089763388e+01 7.193600000000000000e+04
8.800000000000000000e+02 7.045048696318711734e+01 7.180800000000000000e+04
8.820000000000000000e+02 7.061740960484310392e+01 7.168000000000000000e+04
8.840000000000000000e+02 7.078486717872139877e+01 7.155200000000000000e+04
8.860000000000000000e+02 7.095227475383202886e+01 7.142400000000000000e+04
8.880000000000000000e+02 7.111972856162492462e+01 7.129600000000000000e+04
8.900000000000000000e+02 7.128833889073399632e+01 7.116800000000000000e+04
8.920000000000000000e+02 7.145868666359892529e+01 7.104000000000000000e+04
8.940000000000000000e+02 7.162866838776209022e+01 7.091200000000000000e+04
8.960000000000000000e+02 7.179769430940898189e+01 7.078400000000000000e+04
8.980000000000000000e+02 7.196622928269070485e+01 7.065600000000000000e+04
9.000000000000000000e+02 7.213633821044773242e+01 7.052800000000000000e+04
9.020000000000000000e+02 7.230757402474181106e+01 7.040000000000000000e+04
9.040000000000000000e+02 7.247839973493660182e+01 7.027200000000000000e+04
9.060000000000000000e+02 7.264995899795110290e+01 7.014400000000000000e+04
9.080000000000000000e+02 7.282125451529060456e+01 7.001600000000000000e+04
9.100000000000000000e+02 7.299166055085521521e+01 6.988800000000000000e+04
9.120000000000000000e+02 7.316108259018108129e+01 6.976000000000000000e+04
9.140000000000000000e+02 7.332981150217428024e+01 6.963200000000000000e+04
9.160000000000000000e+02 7.349987229214698914e+01 6.950400000000000000e+04
9.180000000000000000e+02 7.367008551930996418e+01 6.937600000000000000e+04
9.200000000000000000e+02 7.384011444690379733e+01 6.924800000000000000e+04
9.220000000000000000e+02 7.401076723713447336e+01 6.912000000000000000e+04
9.240000000000000000e+02 7.418003447166000797e+01 6.899200000000000000e+04
9.260000000000000000e+02 7.434942932197239429e+01 6.886400000000000000e+04
9.280000000000000000e+02 7.451764757426843744e+01 6.873600000000000000e+04
9.300000000000000000e+02 7.468542551184852130e+01 6.860800000000000000e+04
9.320000000000000000e+02 7.485327061266148974e+01 6.848000000000000000e+04
9.340000000000000000e+02 7.502069063302502627e+01 6.835200000000000000e+04
9.360000000000000000e+02 7.518930030563245737e+01 6.822400000000000000e+04
9.380000000000000000e+02 7.535815428354733569e+01 6.809600000000000000e+04
9.400000000000000000e+02 7.552751977322201071e+01 6.796800000000000000e+04
9.420000000000000000e+02 7.569589220173035926e+01 6.784000000000000000e+04
9.440000000000000000e+02 7.586383184207696218e+01 6.771200000000000000e+04
9.460000000000000000e+02 7.602963370243121233e+01 6.758400000000000000e+04
9.480000000000000000e+02 7.619611236988592395e+01 6.745600000000000000e+04
9.500000000000000000e+02 7.636296389548733998e+01 6.732800000000000000e+04
9.520000000000000000e+02 7.653045053931479913e+01 6.720000000000000000e+04
9.540000000000000000e+02 7.669700851039708311e+01 6.707200000000000000e+04
9.560000000000000000e+02 7.686403598803119053e+01 6.694400000000000000e+04
9.580000000000000000e+02 7.703011015834015041e+01 6.681600000000000000e+04
9.600000000000000000e+02 7.719556392099997311e+01 6.668800000000000000e+04
9.620000000000000000e+02 7.735860095529794478e+01 6.656000000000000000e+04
9.640000000000000000e+02 7.752172744040097996e+01 6.643200000000000000e+04
9.660000000000000000e+02 7.768586578194633319e+01 6.630400000000000000e+04
9.680000000000000000e+02 7.784968169793702941e+01 6.617600000000000000e+04
9.700000000000000000e+02 7.801474945607132838e+01 6.604800000000000000e+04
9.720000000000000000e+02 7.818123208770869326e+01 6.592000000000000000e+04
9.740000000000000000e+02 7.834784448367068421e+01 6.579200000000000000e+04
9.760000000000000000e+02 7.851247838120384870e+01 6.566400000000000000e+04
9.780000000000000000e+02 7.867720544115005055e+01 6.553600000000000000e+04
9.800000000000000000e+02 7.884084311014900948e+01 6.540800000000000000e+04
9.820000000000000000e+02 7.900467623589739219e+01 6.528000000000000000e+04
9.840000000000000000e+02 7.916926542313868254e+01 6.515200000000000000e+04
9.860000000000000000e+02 7.933211631417113097e+01 6.502400000000000000e+04
9.880000000000000000e+02 7.949451082690627857e+01 6.489600000000000000e+04
9.900000000000000000e+02 7.965594660653479764e+01 6.476800000000000000e+04
9.920000000000000000e+02 7.981920496487529704e+01 6.464000000000000000e+04
9.940000000000000000e+02 7.998470095181689032e+01 6.451200000000000000e+04
9.960000000000000000e+02 8.015123607584898480e+01 6.438400000000000000e+04
9.980000000000000000e+02 8.031842590278577632e+01 6.425600000000000000e+04
1.000000000000000000e+03 8.048550242896760665e+01 6.412800000000000000e+04
