# time  <Rg>_chains  <Rg^2>_chains
0.000000000000000000e+00 1.120749396229192563e+00 1.328631035208776012e+00
2.000000000000000000e+00 1.123823517380273973e+00 1.344483608027912780e+00
4.000000000000000000e+00 1.124376873865243986e+00 1.339857444459521929e+00
6.000000000000000000e+00 1.134030475020775253e+00 1.368030461175397505e+00
8.000000000000000000e+00 1.140163200059103099e+00 1.374912228099425704e+00
1.000000000000000000e+01 1.126678767664878400e+00 1.358557665844735141e+00
1.200000000000000000e+01 1.117578872619901409e+00 1.318089167812487972e+00
1.400000000000000000e+01 1.128277159453688006e+00 1.361705912292842768e+00
1.600000000000000000e+01 1.132986859902384680e+00 1.364315769330186612e+00
1.800000000000000000e+01 1.152344300387939668e+00 1.410753226521928028e+00
2.000000000000000000e+01 1.160506296380559466e+00 1.453833062082551919e+00
2.200000000000000000e+01 1.157586004295141580e+00 1.435583219425550894e+00
2.400000000000000000e+01 1.128230148759418627e+00 1.369141548616870097e+00
2.600000000000000000e+01 1.124530419630144440e+00 1.356815495565435015e+00
2.800000000000000000e+01 1.141479019367099168e+00 1.406882222258046156e+00
3.000000000000000000e+01 1.154636213445300985e+00 1.427542209939751672e+00
3.200000000000000000e+01 1.115402769821293827e+00 1.338432459858015733e+00
3.400000000000000000e+01 1.115193319509394598e+00 1.327090569625804406e+00
3.600000000000000000e+01 1.114629925065690141e+00 1.324597573984926058e+00
3.800000000000000000e+01 1.090708297995356402e+00 1.267936080243616814e+00
4.000000000000000000e+01 1.063414684107674146e+00 1.209800762332998048e+00
4.200000000000000000e+01 1.058603953836603218e+00 1.200341648712059950e+00
4.400000000000000000e+01 1.078234411879902321e+00 1.236577790117999953e+00
4.600000000000000000e+01 1.074942310514237942e+00 1.233814614941818988e+00
4.800000000000000000e+01 1.062989140258753906e+00 1.197178504900310969e+00
5.000000000000000000e+01 1.050549880123208490e+00 1.172140394283392340e+00
5.200000000000000000e+01 1.061846063549011454e+00 1.201218795544637175e+00
5.400000000000000000e+01 1.058342715851139149e+00 1.182257085686666542e+00
5.600000000000000000e+01 1.074447739599925455e+00 1.222241228280790182e+00
5.800000000000000000e+01 1.067202484423359188e+00 1.206170064450965640e+00
6.000000000000000000e+01 1.073361823698582462e+00 1.232269169472465009e+00
6.200000000000000000e+01 1.077415471470930308e+00 1.240118454682351157e+00
6.400000000000000000e+01 1.090210934308247559e+00 1.270979837698750003e+00
6.600000000000000000e+01 1.071267544642981129e+00 1.221781305353811575e+00
6.800000000000000000e+01 1.081268101560574069e+00 1.243734373127471926e+00
7.000000000000000000e+01 1.073296934402594216e+00 1.228696495419622892e+00
7.200000000000000000e+01 1.098337816593256688e+00 1.273172823095663375e+00
7.400000000000000000e+01 1.079134015349927367e+00 1.233136109589466400e+00
7.600000000000000000e+01 1.101774528398174802e+00 1.293645389437349635e+00
7.800000000000000000e+01 1.116598499685615753e+00 1.314424227341977058e+00
8.000000000000000000e+01 1.108977195210237854e+00 1.302067584782518495e+00
8.200000000000000000e+01 1.105744503834191317e+00 1.307697431709478053e+00
8.400000000000000000e+01 1.105424248759974137e+00 1.297868228106096922e+00
8.600000000000000000e+01 1.116300238838307646e+00 1.334503581224252500e+00
8.800000000000000000e+01 1.106973636764426505e+00 1.319024465164847726e+00
9.000000000000000000e+01 1.104333606011958624e+00 1.303994329672953256e+00
9.200000000000000000e+01 1.122650355760154817e+00 1.335283288294370152e+00
9.400000000000000000e+01 1.127537187852609701e+00 1.353302483780719712e+00
9.600000000000000000e+01 1.119264405831217335e+00 1.346090884513751362e+00
9.800000000000000000e+01 1.122425796175064772e+00 1.341983666521658236e+00
1.000000000000000000e+02 1.116768238790072809e+00 1.322705955698905811e+00
1.020000000000000000e+02 1.109365922465411103e+00 1.309340821438237157e+00
1.040000000000000000e+02 1.102648667915499203e+00 1.286910631869352173e+00
1.060000000000000000e+02 1.084140582947864306e+00 1.243199635659369306e+00
1.080000000000000000e+02 1.087035500069891691e+00 1.242250379744332278e+00
1.100000000000000000e+02 1.075799328221504148e+00 1.225472428943930936e+00
1.120000000000000000e+02 1.074782567063386818e+00 1.231356022431343789e+00
1.140000000000000000e+02 1.071856328649058110e+00 1.221652121419008807e+00
1.160000000000000000e+02 1.101609804240404777e+00 1.302281053459340754e+00
1.180000000000000000e+02 1.117825299146681051e+00 1.329407308723391523e+00
1.200000000000000000e+02 1.140027352289102236e+00 1.378817690013439901e+00
1.220000000000000000e+02 1.095649721577695912e+00 1.274672296227958412e+00
1.240000000000000000e+02 1.118766141084143850e+00 1.320494930928074240e+00
1.260000000000000000e+02 1.136506497606350363e+00 1.357974907784834429e+00
1.280000000000000000e+02 1.134333725876491838e+00 1.363514472262551180e+00
1.300000000000000000e+02 1.161326417428604874e+00 1.445695950342068770e+00
1.320000000000000000e+02 1.137837087142081982e+00 1.392299256912778560e+00
1.340000000000000000e+02 1.145830352110071892e+00 1.410092631386236306e+00
1.360000000000000000e+02 1.118237342176710225e+00 1.357558846226954330e+00
1.380000000000000000e+02 1.136785905420341525e+00 1.394937533473351365e+00
1.400000000000000000e+02 1.123105544854499538e+00 1.352695533433868391e+00
1.420000000000000000e+02 1.145843255418365736e+00 1.405284573334318665e+00
1.440000000000000000e+02 1.140589220610149557e+00 1.387649100372733812e+00
1.460000000000000000e+02 1.152200284259398133e+00 1.415937654364332943e+00
1.480000000000000000e+02 1.123706623405285487e+00 1.348210853969110445e+00
1.500000000000000000e+02 1.118567139822075340e+00 1.334161059694574547e+00
1.520000000000000000e+02 1.100366910066311377e+00 1.291829074728420679e+00
1.540000000000000000e+02 1.096062034435491217e+00 1.277676427674956372e+00
1.560000000000000000e+02 1.109644212065028501e+00 1.320005843678945467e+00
1.580000000000000000e+02 1.122855500037404752e+00 1.350356289315861602e+00
1.600000000000000000e+02 1.123331487147819718e+00 1.354484154653917471e+00
1.620000000000000000e+02 1.143298175218604884e+00 1.404399452232919288e+00
1.640000000000000000e+02 1.121073621446381008e+00 1.339795768950045485e+00
1.660000000000000000e+02 1.080739636027444828e+00 1.245717714424317890e+00
1.680000000000000000e+02 1.104453221333053126e+00 1.290495179240963353e+00
1.700000000000000000e+02 1.108190177509408514e+00 1.305315374603125633e+00
1.720000000000000000e+02 1.089367637164871949e+00 1.263669941308336320e+00
1.740000000000000000e+02 1.071103852541258838e+00 1.225703481366196002e+00
1.760000000000000000e+02 1.082148328188561326e+00 1.240983029101299095e+00
1.780000000000000000e+02 1.115237629488130100e+00 1.320830388419382828e+00
1.800000000000000000e+02 1.131042955640032099e+00 1.365805712731528843e+00
1.820000000000000000e+02 1.120337923869662689e+00 1.332963000266447651e+00
1.840000000000000000e+02 1.094527084505266812e+00 1.263167661071227243e+00
1.860000000000000000e+02 1.102709181565076690e+00 1.288627471017958825e+00
1.880000000000000000e+02 1.082125268341695090e+00 1.253628467376826094e+00
1.900000000000000000e+02 1.108532914309202644e+00 1.302196467193477147e+00
1.920000000000000000e+02 1.094770565841784116e+00 1.284294146102578082e+00
1.940000000000000000e+02 1.099105837493169258e+00 1.297664423344917495e+00
1.960000000000000000e+02 1.090077738470931479e+00 1.267419487101454578e+00
1.980000000000000000e+02 1.104889135493350327e+00 1.291194636012695796e+00
2.000000000000000000e+02 1.092720326070050207e+00 1.271127587873333908e+00
2.020000000000000000e+02 1.078037736712582184e+00 1.249392673111596963e+00
2.040000000000000000e+02 1.085545991566130075e+00 1.268585960435146376e+00
2.060000000000000000e+02 1.104146862127055595e+00 1.304219149441077974e+00
2.080000000000000000e+02 1.093247643180541573e+00 1.280255145398138339e+00
2.100000000000000000e+02 1.096152856883517490e+00 1.281762737298903332e+00
2.120000000000000000e+02 1.117366293399649768e+00 1.332680364697035102e+00
2.140000000000000000e+02 1.091611205316254107e+00 1.284878182793937285e+00
2.160000000000000000e+02 1.100568047683272210e+00 1.307706841652022334e+00
2.180000000000000000e+02 1.108985677077690024e+00 1.316053509943536426e+00
2.200000000000000000e+02 1.129523351705718159e+00 1.361921617047642030e+00
2.220000000000000000e+02 1.127357825629174748e+00 1.344317333239104073e+00
2.240000000000000000e+02 1.092978169394152932e+00 1.262793321504508626e+00
2.260000000000000000e+02 1.108221232387691657e+00 1.300603545686250584e+00
2.280000000000000000e+02 1.104851548372706826e+00 1.290779027938379286e+00
2.300000000000000000e+02 1.093562689006996713e+00 1.272676275074918095e+00
2.320000000000000000e+02 1.097019052850521703e+00 1.275154172924162665e+00
2.340000000000000000e+02 1.105688330246673567e+00 1.307764079282394576e+00
2.360000000000000000e+02 1.127952880006708458e+00 1.359478850978524278e+00
2.380000000000000000e+02 1.140885296506125801e+00 1.397836187937304686e+00
2.400000000000000000e+02 1.121755220761289751e+00 1.357199191472712840e+00
2.420000000000000000e+02 1.093583246391186758e+00 1.295941051240456332e+00
2.440000000000000000e+02 1.111840425141923827e+00 1.330971152086702247e+00
2.460000000000000000e+02 1.108816671562028455e+00 1.333415331087305589e+00
2.480000000000000000e+02 1.076838848433915530e+00 1.255230496769744519e+00
2.500000000000000000e+02 1.098793129636035815e+00 1.298167267097309008e+00
2.520000000000000000e+02 1.085480246651481684e+00 1.257565779730551725e+00
2.540000000000000000e+02 1.069394856614626743e+00 1.217213794101519753e+00
2.560000000000000000e+02 1.098820492479583022e+00 1.284562958824203349e+00
2.580000000000000000e+02 1.106601078875881994e+00 1.323234519341065507e+00
2.600000000000000000e+02 1.122486481686005622e+00 1.373964571778472532e+00
2.620000000000000000e+02 1.111352185060790365e+00 1.352944544444978803e+00
2.640000000000000000e+02 1.112019963800324085e+00 1.345918973922604067e+00
2.660000000000000000e+02 1.103025321356757349e+00 1.326265614079403576e+00
2.680000000000000000e+02 1.105555173809473768e+00 1.315299132294665441e+00
2.700000000000000000e+02 1.105495701904115613e+00 1.314282508792027571e+00
2.720000000000000000e+02 1.099481446763640458e+00 1.312959510664974516e+00
2.740000000000000000e+02 1.092075563794374204e+00 1.300084742748353506e+00
2.760000000000000000e+02 1.099100986770956023e+00 1.300732627081464088e+00
2.780000000000000000e+02 1.098015466755674296e+00 1.283926163930471986e+00
2.800000000000000000e+02 1.083411886809983571e+00 1.251336246272234831e+00
2.820000000000000000e+02 1.057074593609479418e+00 1.185324356054087147e+00
2.840000000000000000e+02 1.071351984105986199e+00 1.220085103655765835e+00
2.860000000000000000e+02 1.088819092350925777e+00 1.254806853467318462e+00
2.880000000000000000e+02 1.083804948351936748e+00 1.258713240391136523e+00
2.900000000000000000e+02 1.073833404162006122e+00 1.231896580072682212e+00
2.920000000000000000e+02 1.081303077127891754e+00 1.252824428942695079e+00
2.940000000000000000e+02 1.092333294614725947e+00 1.276428163465942234e+00
2.960000000000000000e+02 1.090912184276852992e+00 1.273093747217043159e+00
2.980000000000000000e+02 1.115223310984967631e+00 1.313286361848989614e+00
3.000000000000000000e+02 1.096103908125706461e+00 1.259259678175949304e+00
3.020000000000000000e+02 1.069144080678122943e+00 1.205226154542868855e+00
3.040000000000000000e+02 1.080410039572437864e+00 1.227440971390258539e+00
3.060000000000000000e+02 1.119331090147990038e+00 1.317249404781854594e+00
3.080000000000000000e+02 1.123114053180725103e+00 1.335824916828215692e+00
3.100000000000000000e+02 1.118014871311735270e+00 1.319999026820617871e+00
3.120000000000000000e+02 1.105711873638648424e+00 1.299701546617299641e+00
3.140000000000000000e+02 1.099148468851159688e+00 1.279377148417623289e+00
3.160000000000000000e+02 1.126145277371120690e+00 1.344879435342065221e+00
3.180000000000000000e+02 1.133878012866283314e+00 1.362257444303661913e+00
3.200000000000000000e+02 1.132324278501910086e+00 1.361905908368957085e+00
3.220000000000000000e+02 1.113886068311010114e+00 1.316207533643911631e+00
3.240000000000000000e+02 1.098855671577243065e+00 1.290042660344145276e+00
3.260000000000000000e+02 1.079263053321720900e+00 1.229606412497423307e+00
3.280000000000000000e+02 1.096329382630396143e+00 1.277786558982878518e+00
3.300000000000000000e+02 1.094168121603558808e+00 1.273252441306707894e+00
3.320000000000000000e+02 1.102161111743520383e+00 1.296681591580911785e+00
3.340000000000000000e+02 1.096256728874764441e+00 1.297272577206619815e+00
3.360000000000000000e+02 1.094313825448002042e+00 1.285510356501411877e+00
3.380000000000000000e+02 1.101854950052922444e+00 1.304781810942500897e+00
3.400000000000000000e+02 1.117461562724413771e+00 1.322508019487408149e+00
3.420000000000000000e+02 1.126359656995603142e+00 1.355973124829679577e+00
3.440000000000000000e+02 1.156879551614686141e+00 1.414805533879059496e+00
3.460000000000000000e+02 1.148967259594652734e+00 1.405630283582457452e+00
3.480000000000000000e+02 1.134498094707056204e+00 1.380464820790715308e+00
3.500000000000000000e+02 1.131757320107243059e+00 1.359924958419403751e+00
3.520000000000000000e+02 1.124420317591503515e+00 1.346332580770447152e+00
3.540000000000000000e+02 1.112441536280829979e+00 1.313962044888222991e+00
3.560000000000000000e+02 1.075544273312572852e+00 1.240477705171672440e+00
3.580000000000000000e+02 1.093843997523040734e+00 1.268002124628756278e+00
3.600000000000000000e+02 1.124010240539010219e+00 1.335985916429594411e+00
3.620000000000000000e+02 1.146429901616060842e+00 1.378603833048300586e+00
3.640000000000000000e+02 1.148283533792826994e+00 1.396532862169312494e+00
3.660000000000000000e+02 1.151039143155060618e+00 1.417556745957636366e+00
3.680000000000000000e+02 1.136543111208080159e+00 1.392883058775401750e+00
3.700000000000000000e+02 1.115718535864684835e+00 1.343126696441292012e+00
3.720000000000000000e+02 1.124347755429324636e+00 1.347256296556967214e+00
3.740000000000000000e+02 1.130645609062683965e+00 1.379370065835038517e+00
3.760000000000000000e+02 1.109177622985041189e+00 1.311308086029240982e+00
3.780000000000000000e+02 1.110055155277868355e+00 1.311496934600173248e+00
3.800000000000000000e+02 1.100808924528257293e+00 1.278312844734564635e+00
3.820000000000000000e+02 1.102528928658033980e+00 1.286260422115924840e+00
3.840000000000000000e+02 1.100066472411261209e+00 1.287746576146343358e+00
3.860000000000000000e+02 1.091181847175437314e+00 1.270563951732254893e+00
3.880000000000000000e+02 1.111386296486825742e+00 1.316354441263657193e+00
3.900000000000000000e+02 1.125123523504492073e+00 1.350940549473191865e+00
3.920000000000000000e+02 1.080155224710880546e+00 1.239413723703716386e+00
3.940000000000000000e+02 1.065627561449745242e+00 1.203006800007948129e+00
3.960000000000000000e+02 1.085329997258101420e+00 1.238230974180842381e+00
3.980000000000000000e+02 1.086965319823723464e+00 1.260412296435555746e+00
4.000000000000000000e+02 1.079606725428405190e+00 1.242020305280087555e+00
4.020000000000000000e+02 1.091468082736821721e+00 1.269210360444150254e+00
4.040000000000000000e+02 1.097835896607370909e+00 1.294256636259271787e+00
4.060000000000000000e+02 1.119761984304504576e+00 1.344151784880850187e+00
4.080000000000000000e+02 1.108400219248664609e+00 1.314906314407624066e+00
4.100000000000000000e+02 1.141406752833072913e+00 1.406809941723626167e+00
4.120000000000000000e+02 1.124547577080427185e+00 1.368170189022295702e+00
4.140000000000000000e+02 1.127043213997037885e+00 1.371681090853970275e+00
4.160000000000000000e+02 1.149029332101128675e+00 1.421979935979022613e+00
4.180000000000000000e+02 1.139216786069617182e+00 1.398868636057278181e+00
4.200000000000000000e+02 1.127831574508961099e+00 1.377319442583136322e+00
4.220000000000000000e+02 1.127666917380043543e+00 1.353766395287674840e+00
4.240000000000000000e+02 1.104016271425202422e+00 1.298792754995918841e+00
4.260000000000000000e+02 1.100260634701709206e+00 1.289099668488837835e+00
4.280000000000000000e+02 1.099621084821051920e+00 1.298923057188014596e+00
4.300000000000000000e+02 1.126939987336798232e+00 1.357613464660152758e+00
4.320000000000000000e+02 1.107041553205840634e+00 1.313041827895931490e+00
4.340000000000000000e+02 1.091054300697414492e+00 1.279876622157752664e+00
4.360000000000000000e+02 1.102432827005174421e+00 1.308995268915463583e+00
4.380000000000000000e+02 1.094767413527397704e+00 1.296518104009532379e+00
4.400000000000000000e+02 1.104647714897837529e+00 1.309928630303444308e+00
4.420000000000000000e+02 1.106912929162272130e+00 1.333026218131115215e+00
4.440000000000000000e+02 1.112913910045641996e+00 1.329595801591313631e+00
4.460000000000000000e+02 1.082366850608511566e+00 1.245781039139570723e+00
4.480000000000000000e+02 1.109847545847959527e+00 1.324007933578824847e+00
4.500000000000000000e+02 1.121638215011705242e+00 1.350510066967510525e+00
4.520000000000000000e+02 1.143949861487911335e+00 1.394466952910478952e+00
4.540000000000000000e+02 1.143408477663769851e+00 1.390219715672513345e+00
4.560000000000000000e+02 1.122000442656765795e+00 1.344295306611623886e+00
4.580000000000000000e+02 1.105701439225164506e+00 1.303309304244812949e+00
4.600000000000000000e+02 1.112784407970420109e+00 1.320842272596987499e+00
4.620000000000000000e+02 1.106428313057691515e+00 1.304668442566001119e+00
4.640000000000000000e+02 1.096063886934168785e+00 1.267890747558945819e+00
4.660000000000000000e+02 1.113881628612309882e+00 1.319611784118265518e+00
4.680000000000000000e+02 1.123639966775169530e+00 1.336818218643644585e+00
4.700000000000000000e+02 1.133543904419538562e+00 1.366225714821149850e+00
4.720000000000000000e+02 1.100162328448882842e+00 1.293442990050236219e+00
4.740000000000000000e+02 1.083322353430797857e+00 1.253701077118794416e+00
4.760000000000000000e+02 1.089777202964957947e+00 1.264407091605637135e+00
4.780000000000000000e+02 1.070793981579604370e+00 1.219284533209513910e+00
4.800000000000000000e+02 1.079208985775346630e+00 1.229878015696835192e+00
4.820000000000000000e+02 1.079897744381812075e+00 1.232241155622432416e+00
4.840000000000000000e+02 1.067572273197870958e+00 1.211543962211738545e+00
4.860000000000000000e+02 1.076295038176706020e+00 1.235569824028958763e+00
4.880000000000000000e+02 1.056328737640199300e+00 1.189101139833670828e+00
4.900000000000000000e+02 1.033940491593811961e+00 1.143654992591462971e+00
4.920000000000000000e+02 1.062130425251314403e+00 1.208635333720895488e+00
4.940000000000000000e+02 1.070079439334245208e+00 1.226978236330651839e+00
4.960000000000000000e+02 1.059536814886706590e+00 1.202023475890431570e+00
4.980000000000000000e+02 1.057340596379390485e+00 1.187441114194164982e+00
5.000000000000000000e+02 1.079577153727294014e+00 1.235085177052916094e+00
5.020000000000000000e+02 1.107720452498950126e+00 1.289373729210193886e+00
5.040000000000000000e+02 1.091919085255506516e+00 1.262470512223181629e+00
5.060000000000000000e+02 1.106245862276610925e+00 1.295316719088196677e+00
5.080000000000000000e+02 1.091982465090216792e+00 1.269167175476582088e+00
5.100000000000000000e+02 1.090654892608902582e+00 1.274002055437218672e+00
5.120000000000000000e+02 1.086615708899859367e+00 1.273955781234310081e+00
5.140000000000000000e+02 1.112999717637789043e+00 1.320691152658193701e+00
5.160000000000000000e+02 1.118558594852169241e+00 1.331578164999069003e+00
5.180000000000000000e+02 1.124806139148376127e+00 1.355942659785849713e+00
5.200000000000000000e+02 1.145093537234569414e+00 1.407664150855564955e+00
5.220000000000000000e+02 1.125292984255705342e+00 1.355695594894433142e+00
5.240000000000000000e+02 1.099304845278253229e+00 1.283771346076422404e+00
5.260000000000000000e+02 1.090702546420583285e+00 1.258610364346061772e+00
5.280000000000000000e+02 1.087962165174463092e+00 1.246993765087150763e+00
5.300000000000000000e+02 1.095388228495929983e+00 1.273219872113628526e+00
5.320000000000000000e+02 1.104926807888215956e+00 1.296763358292718493e+00
5.340000000000000000e+02 1.084828022462854591e+00 1.245594952607497419e+00
5.360000000000000000e+02 1.102398337819322061e+00 1.284253861578118716e+00
5.380000000000000000e+02 1.102436816043957712e+00 1.290874540030692685e+00
5.400000000000000000e+02 1.108741316409205924e+00 1.295254478691036937e+00
5.420000000000000000e+02 1.110350954379736521e+00 1.308462820584628261e+00
5.440000000000000000e+02 1.110110642083851351e+00 1.296845850142897660e+00
5.460000000000000000e+02 1.112061990534107814e+00 1.307658392098410616e+00
5.480000000000000000e+02 1.112837761187809305e+00 1.326265980402210332e+00
5.500000000000000000e+02 1.115592292952149789e+00 1.319646303735312998e+00
5.520000000000000000e+02 1.115121945675951132e+00 1.311645111146338749e+00
5.540000000000000000e+02 1.117905351937408476e+00 1.324158390148538089e+00
5.560000000000000000e+02 1.132411061691607213e+00 1.361824325480615272e+00
5.580000000000000000e+02 1.125612540762978897e+00 1.339425679484207876e+00
5.600000000000000000e+02 1.123797245414045909e+00 1.345848947407375817e+00
5.620000000000000000e+02 1.125116619582870348e+00 1.354048954751235101e+00
5.640000000000000000e+02 1.115485395083828157e+00 1.340554143053344305e+00
5.660000000000000000e+02 1.113368011435030835e+00 1.333031237451425710e+00
5.680000000000000000e+02 1.103954041526972407e+00 1.304820969774752371e+00
5.700000000000000000e+02 1.101833628186321690e+00 1.285767630992982191e+00
5.720000000000000000e+02 1.095564269225099752e+00 1.270849993104937070e+00
5.740000000000000000e+02 1.104269005331206532e+00 1.294788832351505548e+00
5.760000000000000000e+02 1.138597591720766911e+00 1.367765468445183430e+00
5.780000000000000000e+02 1.142039399119802567e+00 1.413037905933357763e+00
5.800000000000000000e+02 1.145925946244340743e+00 1.413430214778507832e+00
5.820000000000000000e+02 1.122144340581786803e+00 1.345871484554738373e+00
5.840000000000000000e+02 1.113614152619508246e+00 1.309098304342368735e+00
5.860000000000000000e+02 1.124308664010729597e+00 1.345176397412608083e+00
5.880000000000000000e+02 1.133242042729681653e+00 1.359703863797632195e+00
5.900000000000000000e+02 1.105615167837484147e+00 1.290756773693784609e+00
5.920000000000000000e+02 1.108679580607342841e+00 1.309671167002031567e+00
5.940000000000000000e+02 1.128948284008878034e+00 1.355036325376850925e+00
5.960000000000000000e+02 1.079798415175416082e+00 1.237124677390031735e+00
5.980000000000000000e+02 1.052020782311891001e+00 1.170233472782996387e+00
6.000000000000000000e+02 1.058447655740201832e+00 1.191053565010653514e+00
6.020000000000000000e+02 1.068645834637392378e+00 1.212657655620901664e+00
6.040000000000000000e+02 1.081601318164082226e+00 1.250774676470044255e+00
6.060000000000000000e+02 1.099875033128854485e+00 1.272915135946963261e+00
6.080000000000000000e+02 1.100890754910972547e+00 1.276044201092046748e+00
6.100000000000000000e+02 1.097360184993463106e+00 1.270352438578919774e+00
6.120000000000000000e+02 1.105508575031782792e+00 1.288373344488530137e+00
6.140000000000000000e+02 1.129734172722237417e+00 1.351182441687742042e+00
6.160000000000000000e+02 1.126509859718644257e+00 1.350950653491159059e+00
6.180000000000000000e+02 1.104325193876628308e+00 1.290165889249681896e+00
6.200000000000000000e+02 1.087583089219084975e+00 1.244878022238076198e+00
6.220000000000000000e+02 1.109090731573272537e+00 1.297073009969054169e+00
6.240000000000000000e+02 1.121225511521696250e+00 1.332044467402848653e+00
6.260000000000000000e+02 1.130586762510175980e+00 1.349491893307121160e+00
6.280000000000000000e+02 1.120082665685792733e+00 1.336153539490837261e+00
6.300000000000000000e+02 1.136251044081451500e+00 1.367086910412874445e+00
6.320000000000000000e+02 1.120127150393213977e+00 1.345859626343450799e+00
6.340000000000000000e+02 1.132097444668207720e+00 1.381968780734828428e+00
6.360000000000000000e+02 1.133793717147290936e+00 1.374768864466314966e+00
6.380000000000000000e+02 1.113520952705532530e+00 1.329318633594056109e+00
6.400000000000000000e+02 1.105996012308186449e+00 1.311741384457146609e+00
6.420000000000000000e+02 1.112694492163572413e+00 1.331371734468806523e+00
6.440000000000000000e+02 1.124045662582761729e+00 1.347687872521309060e+00
6.460000000000000000e+02 1.140098356157003279e+00 1.383680267607086734e+00
6.480000000000000000e+02 1.131144406963294990e+00 1.367214107334721263e+00
6.500000000000000000e+02 1.138862563200608857e+00 1.381445233607875522e+00
6.520000000000000000e+02 1.156436452547500160e+00 1.416986778363790833e+00
6.540000000000000000e+02 1.143113385724880526e+00 1.390659704596885149e+00
6.560000000000000000e+02 1.134710639186959913e+00 1.365184913693221702e+00
6.580000000000000000e+02 1.142092608439797319e+00 1.376913301537209477e+00
6.600000000000000000e+02 1.158997949955779205e+00 1.430971514417146651e+00
6.620000000000000000e+02 1.119463298588156519e+00 1.333904992592550798e+00
6.640000000000000000e+02 1.115191206284241288e+00 1.322326281138025195e+00
6.660000000000000000e+02 1.111892982256589280e+00 1.329336937318318590e+00
6.680000000000000000e+02 1.116692762358010071e+00 1.336946469672161797e+00
6.700000000000000000e+02 1.104333251461681709e+00 1.312142937715488955e+00
6.720000000000000000e+02 1.082681956435534776e+00 1.267331896808581604e+00
6.740000000000000000e+02 1.106454213572565237e+00 1.335088730364230258e+00
6.760000000000000000e+02 1.114103898385221836e+00 1.349772455610933619e+00
6.780000000000000000e+02 1.079242616510432295e+00 1.256274706114448136e+00
6.800000000000000000e+02 1.096819677165752349e+00 1.296846344015504471e+00
6.820000000000000000e+02 1.112822304365250536e+00 1.312486255450648898e+00
6.840000000000000000e+02 1.088542342180348399e+00 1.258468843580594410e+00
6.860000000000000000e+02 1.069279847496096281e+00 1.213227138684388251e+00
6.880000000000000000e+02 1.050356374213562205e+00 1.168084185204847358e+00
6.900000000000000000e+02 1.059383246022041813e+00 1.184150541159823433e+00
6.920000000000000000e+02 1.067060372498698229e+00 1.214006047300285829e+00
6.940000000000000000e+02 1.070118976396442712e+00 1.217209880833577174e+00
6.960000000000000000e+02 1.053537329789331789e+00 1.186704184335628298e+00
6.980000000000000000e+02 1.082115591911190444e+00 1.252999534733909570e+00
7.000000000000000000e+02 1.080718477109755549e+00 1.248569783742903283e+00
7.020000000000000000e+02 1.089594157691867959e+00 1.266024874839208891e+00
7.040000000000000000e+02 1.105953365192933191e+00 1.307804576809569852e+00
7.060000000000000000e+02 1.097908037672463699e+00 1.294014993416299220e+00
7.080000000000000000e+02 1.108040491470654754e+00 1.326830886809061028e+00
7.100000000000000000e+02 1.084402297060368836e+00 1.258210003329105930e+00
7.120000000000000000e+02 1.074840531273240307e+00 1.242146340665438942e+00
7.140000000000000000e+02 1.097551733643911787e+00 1.284137806790871750e+00
7.160000000000000000e+02 1.074338420236432778e+00 1.219358831322738368e+00
7.180000000000000000e+02 1.086753548019559590e+00 1.250060930189718533e+00
7.200000000000000000e+02 1.059061722799958360e+00 1.185306777967493730e+00
7.220000000000000000e+02 1.069719143360006619e+00 1.210914419344229387e+00
7.240000000000000000e+02 1.101355512334324604e+00 1.298245263025572527e+00
7.260000000000000000e+02 1.099698486951713905e+00 1.289177609065427887e+00
7.280000000000000000e+02 1.103129968638573821e+00 1.296734353144318064e+00
7.300000000000000000e+02 1.099504065791139684e+00 1.307296228620844047e+00
7.320000000000000000e+02 1.100197239828366147e+00 1.302409095576441800e+00
7.340000000000000000e+02 1.109383071270285459e+00 1.318821744092304016e+00
7.360000000000000000e+02 1.121221561062726302e+00 1.331724313026105833e+00
7.380000000000000000e+02 1.076096571688913262e+00 1.235641747703233762e+00
7.400000000000000000e+02 1.089838974423825935e+00 1.282642890458804530e+00
7.420000000000000000e+02 1.080095553660276764e+00 1.260087184952375594e+00
7.440000000000000000e+02 1.092375342072184452e+00 1.270164269493285758e+00
7.460000000000000000e+02 1.090424595693871179e+00 1.262144084072245320e+00
7.480000000000000000e+02 1.088739185946713928e+00 1.259142850133162739e+00
7.500000000000000000e+02 1.107067672735341013e+00 1.308359174526660951e+00
7.520000000000000000e+02 1.108436736500915121e+00 1.299110243097176820e+00
7.540000000000000000e+02 1.086822326493787294e+00 1.258708345237106840e+00
7.560000000000000000e+02 1.083306778486474498e+00 1.238300167057877488e+00
7.580000000000000000e+02 1.057496952842066129e+00 1.177980468389016266e+00
7.600000000000000000e+02 1.086640057858043740e+00 1.240994657346529806e+00
7.620000000000000000e+02 1.078802794355779859e+00 1.237183694751562868e+00
7.640000000000000000e+02 1.089653337726252058e+00 1.279644482782243742e+00
7.660000000000000000e+02 1.086807023886657841e+00 1.260652389229219850e+00
7.680000000000000000e+02 1.066822083449296077e+00 1.208805231205351660e+00
7.700000000000000000e+02 1.080039882851301813e+00 1.243945595960731509e+00
7.720000000000000000e+02 1.109028844809013092e+00 1.308020879673819081e+00
7.740000000000000000e+02 1.105956388978651006e+00 1.285992224097828540e+00
7.760000000000000000e+02 1.104547804262697941e+00 1.296946296265518939e+00
7.780000000000000000e+02 1.071760634316082150e+00 1.229865461979516184e+00
7.800000000000000000e+02 1.074701748754530506e+00 1.229970652885169713e+00
7.820000000000000000e+02 1.067868464646612336e+00 1.208031194287107368e+00
7.840000000000000000e+02 1.082189040697137727e+00 1.248969760147046415e+00
7.860000000000000000e+02 1.131467225551847422e+00 1.352591726323915111e+00
7.880000000000000000e+02 1.134093635704265024e+00 1.369145674726622630e+00
7.900000000000000000e+02 1.124132410811237159e+00 1.347235465962249634e+00
7.920000000000000000e+02 1.140024250131869366e+00 1.383693823429680947e+00
7.940000000000000000e+02 1.157238701130373526e+00 1.426078114620503712e+00
7.960000000000000000e+02 1.142136866508510096e+00 1.402565224998989279e+00
7.980000000000000000e+02 1.121337973795795584e+00 1.355148495504911565e+00
8.000000000000000000e+02 1.109345157585651442e+00 1.321358280696658838e+00
8.020000000000000000e+02 1.123519352289410911e+00 1.364058147289160416e+00
8.040000000000000000e+02 1.147434151714122441e+00 1.412818001111221022e+00
8.060000000000000000e+02 1.147381974366733504e+00 1.420724528938382747e+00
8.080000000000000000e+02 1.146545601300352102e+00 1.397462366373977360e+00
8.100000000000000000e+02 1.149011374003378716e+00 1.405205011752176603e+00
8.120000000000000000e+02 1.129865770901394617e+00 1.350429648700011143e+00
8.140000000000000000e+02 1.123296742792501579e+00 1.340283075009166325e+00
8.160000000000000000e+02 1.089728124244789598e+00 1.265878463724234848e+00
8.180000000000000000e+02 1.090028459486186652e+00 1.264961558962006904e+00
8.200000000000000000e+02 1.093295100798957975e+00 1.280885625541220207e+00
8.220000000000000000e+02 1.103770314318636814e+00 1.296858917804607714e+00
8.240000000000000000e+02 1.081064308920872907e+00 1.244494452944168827e+00
8.260000000000000000e+02 1.071313898530107167e+00 1.220862520002098606e+00
8.280000000000000000e+02 1.075470896909155982e+00 1.238258926082162148e+00
8.300000000000000000e+02 1.118569699814283780e+00 1.332179197723108999e+00
8.320000000000000000e+02 1.104367717964733764e+00 1.289353374899913973e+00
8.340000000000000000e+02 1.106521893165353099e+00 1.284394377133574849e+00
8.360000000000000000e+02 1.107075283036780711e+00 1.285723287719067187e+00
8.380000000000000000e+02 1.114728064875778024e+00 1.311579480894831562e+00
8.400000000000000000e+02 1.124437246844731231e+00 1.330298217853933096e+00
8.420000000000000000e+02 1.133104278680889809e+00 1.362031443040971013e+00
8.440000000000000000e+02 1.127362165217824952e+00 1.358075891111539590e+00
8.460000000000000000e+02 1.129895698223498668e+00 1.355326962607163566e+00
8.480000000000000000e+02 1.098816570391107472e+00 1.288885897307286754e+00
8.500000000000000000e+02 1.101884607896429280e+00 1.287352285191143864e+00
8.520000000000000000e+02 1.096955254085017373e+00 1.275111947862740180e+00
8.540000000000000000e+02 1.100834429390608715e+00 1.292283560287621924e+00
8.560000000000000000e+02 1.103739180039014833e+00 1.290574866639268237e+00
8.580000000000000000e+02 1.088939259805659532e+00 1.262649039656034589e+00
8.600000000000000000e+02 1.088061264197207612e+00 1.256052607385543141e+00
8.620000000000000000e+02 1.080596966904589173e+00 1.234379085036106716e+00
8.640000000000000000e+02 1.087118184903238305e+00 1.252986402267262989e+00
8.660000000000000000e+02 1.103963533362397165e+00 1.283064059658903133e+00
8.680000000000000000e+02 1.123199031632248879e+00 1.336970694577948038e+00
8.700000000000000000e+02 1.100293338878447269e+00 1.274467614534309234e+00
8.720000000000000000e+02 1.110911811898110724e+00 1.305422471656818573e+00
8.740000000000000000e+02 1.088324791423501470e+00 1.245609345680955826e+00
8.760000000000000000e+02 1.093230512867152449e+00 1.269483994336610522e+00
8.780000000000000000e+02 1.081665316198195281e+00 1.257085075123679729e+00
8.800000000000000000e+02 1.079594244785534674e+00 1.248911814996692016e+00
8.820000000000000000e+02 1.084573876529989267e+00 1.253977823304355255e+00
8.840000000000000000e+02 1.080000223914031832e+00 1.266975761485866769e+00
8.860000000000000000e+02 1.085446293597183143e+00 1.266082296420727005e+00
8.880000000000000000e+02 1.090246197933334438e+00 1.267067024256185448e+00
8.900000000000000000e+02 1.091326739198640983e+00 1.265549074803018925e+00
8.920000000000000000e+02 1.122824646213873123e+00 1.343414873470209159e+00
8.940000000000000000e+02 1.110555786262902078e+00 1.308248913343483366e+00
8.960000000000000000e+02 1.056711241159529413e+00 1.186935356118922869e+00
8.980000000000000000e+02 1.093736320581858212e+00 1.271912398345723005e+00
9.000000000000000000e+02 1.126764317891586487e+00 1.367046999874736102e+00
9.020000000000000000e+02 1.127800821626080419e+00 1.366011253149551408e+00
9.040000000000000000e+02 1.139502066504544331e+00 1.378080325591160005e+00
9.060000000000000000e+02 1.149844867958766503e+00 1.431038142715593153e+00
9.080000000000000000e+02 1.142615209142016752e+00 1.402277745564234124e+00
9.100000000000000000e+02 1.175836876194108704e+00 1.465328003174411364e+00
9.120000000000000000e+02 1.166191229915500838e+00 1.451520464894343831e+00
9.140000000000000000e+02 1.148684117981528363e+00 1.416492517139605667e+00
9.160000000000000000e+02 1.138348659284615483e+00 1.394406217593509467e+00
9.180000000000000000e+02 1.145772506674831881e+00 1.402689418428789025e+00
9.200000000000000000e+02 1.161452187468952069e+00 1.426444052420050568e+00
9.220000000000000000e+02 1.143879613189499711e+00 1.394466063343859474e+00
9.240000000000000000e+02 1.104472644270001913e+00 1.305088442004974425e+00
9.260000000000000000e+02 1.127393784362397344e+00 1.355459529040267341e+00
9.280000000000000000e+02 1.117922391325569809e+00 1.330557166708821626e+00
9.300000000000000000e+02 1.103628139096383798e+00 1.301871204132977411e+00
9.320000000000000000e+02 1.107142776715321020e+00 1.309033472660289021e+00
9.340000000000000000e+02 1.106714080955947921e+00 1.304052384767942385e+00
9.360000000000000000e+02 1.113731031129967963e+00 1.324402548956221892e+00
9.380000000000000000e+02 1.122497298183262160e+00 1.339916031114080752e+00
9.400000000000000000e+02 1.117305350928842422e+00 1.335954691878127321e+00
9.420000000000000000e+02 1.135900073135602373e+00 1.367926914337568078e+00
9.440000000000000000e+02 1.105869005128413463e+00 1.313941888735051577e+00
9.460000000000000000e+02 1.119099498116292946e+00 1.351327436592656639e+00
9.480000000000000000e+02 1.123828291969278359e+00 1.361640318877796574e+00
9.500000000000000000e+02 1.118788325150029461e+00 1.346851552347786196e+00
9.520000000000000000e+02 1.153061698735416529e+00 1.421584655866663383e+00
9.540000000000000000e+02 1.113840433505020044e+00 1.335218625083038901e+00
9.560000000000000000e+02 1.129182636950835095e+00 1.378234611530242404e+00
9.580000000000000000e+02 1.093711691358398408e+00 1.271725990269434448e+00
9.600000000000000000e+02 1.074405239145366897e+00 1.226337665177428704e+00
9.620000000000000000e+02 1.112449380295657875e+00 1.322062682180217053e+00
9.640000000000000000e+02 1.141195621582415276e+00 1.387947722727989941e+00
9.660000000000000000e+02 1.123724142855689667e+00 1.341344379754701777e+00
9.680000000000000000e+02 1.124622114304849596e+00 1.353627450177439684e+00
9.700000000000000000e+02 1.126842133974014892e+00 1.364230819507879389e+00
9.720000000000000000e+02 1.129574382431007162e+00 1.361396203232919433e+00
9.740000000000000000e+02 1.125791635483699205e+00 1.361973310739541532e+00
9.760000000000000000e+02 1.124105429056765360e+00 1.360133482360275536e+00
9.780000000000000000e+02 1.124458965183384951e+00 1.368806341631849222e+00
9.800000000000000000e+02 1.149556126431366065e+00 1.408102607969555109e+00
9.820000000000000000e+02 1.175052096512873012e+00 1.474687718526359603e+00
9.840000000000000000e+02 1.173824404725208659e+00 1.459348814064620470e+00
9.860000000000000000e+02 1.132847463722103543e+00 1.354993404818765512e+00
9.880000000000000000e+02 1.137669875283213727e+00 1.376600029224858801e+00
9.900000000000000000e+02 1.121366890171689557e+00 1.329964304439361200e+00
9.920000000000000000e+02 1.122455441402085752e+00 1.336572544253657568e+00
9.940000000000000000e+02 1.129492712332839321e+00 1.356248024228651872e+00
9.960000000000000000e+02 1.109944857247885386e+00 1.318302336846773670e+00
9.980000000000000000e+02 1.080002241390644047e+00 1.251469820194259341e+00
1.000000000000000000e+03 1.094090961679063945e+00 1.269082620733115618e+00
1.002000000000000000e+03 1.072440435834368655e+00 1.227588230295685534e+00
1.004000000000000000e+03 1.123187444487639741e+00 1.331318569391491735e+00
1.006000000000000000e+03 1.137089597643507810e+00 1.370186043352923377e+00
1.008000000000000000e+03 1.121794800004029202e+00 1.331158910837194398e+00
1.010000000000000000e+03 1.150005177643093290e+00 1.408063815605368418e+00
1.012000000000000000e+03 1.148254113898541151e+00 1.410984059626446907e+00
1.014000000000000000e+03 1.150855293528471934e+00 1.419942697730506964e+00
1.016000000000000000e+03 1.135065994434457881e+00 1.384900761909383604e+00
1.018000000000000000e+03 1.133240923315912863e+00 1.376205485489450098e+00
1.020000000000000000e+03 1.129941526571178301e+00 1.362419594962492653e+00
1.022000000000000000e+03 1.126229883265936982e+00 1.354776241020273275e+00
1.024000000000000000e+03 1.114423659064708971e+00 1.313671002366779916e+00
1.026000000000000000e+03 1.115074026938229101e+00 1.322413144120718087e+00
1.028000000000000000e+03 1.083378758318064294e+00 1.256649676078300359e+00
1.030000000000000000e+03 1.100215838935447943e+00 1.281983983124748150e+00
1.032000000000000000e+03 1.091456402768042455e+00 1.259212620110970349e+00
1.034000000000000000e+03 1.134640325241046188e+00 1.364581967769305848e+00
1.036000000000000000e+03 1.121099765345380250e+00 1.336492267118709165e+00
1.038000000000000000e+03 1.106151624384134724e+00 1.308593380714754062e+00
1.040000000000000000e+03 1.135349153390611932e+00 1.377259259048500439e+00
1.042000000000000000e+03 1.111624447769621105e+00 1.328125626844657958e+00
1.044000000000000000e+03 1.107959460536004137e+00 1.317569755981786273e+00
1.046000000000000000e+03 1.116332608635569157e+00 1.345694491917214464e+00
1.048000000000000000e+03 1.106556601498698056e+00 1.305907043927099664e+00
1.050000000000000000e+03 1.141986358915809907e+00 1.404865349013530107e+00
1.052000000000000000e+03 1.147545285193029452e+00 1.411024372359459989e+00
1.054000000000000000e+03 1.116455937722904190e+00 1.331753606140544832e+00
1.056000000000000000e+03 1.132531168303465785e+00 1.367938915537367350e+00
1.058000000000000000e+03 1.129113088430204748e+00 1.356593248195347101e+00
1.060000000000000000e+03 1.102829095098733170e+00 1.310235224050988023e+00
1.062000000000000000e+03 1.106742547701437207e+00 1.303222430500278861e+00
1.064000000000000000e+03 1.109361053240031758e+00 1.304578027882769220e+00
1.066000000000000000e+03 1.129440506409267631e+00 1.367084234847570912e+00
1.068000000000000000e+03 1.112084079741758380e+00 1.330987704285499618e+00
1.070000000000000000e+03 1.100410020768004760e+00 1.286165294844758833e+00
1.072000000000000000e+03 1.103614332805772591e+00 1.294749103098618903e+00
1.074000000000000000e+03 1.115094370984363703e+00 1.312594046353822819e+00
1.076000000000000000e+03 1.115135675260218173e+00 1.322076077099106683e+00
1.078000000000000000e+03 1.132245566463763176e+00 1.377278467339294821e+00
1.080000000000000000e+03 1.104126370468353713e+00 1.314242419879603219e+00
1.082000000000000000e+03 1.123339717625593259e+00 1.347162527530473497e+00
1.084000000000000000e+03 1.125838935905491667e+00 1.358798879891525146e+00
1.086000000000000000e+03 1.140522220103730167e+00 1.393055304206846756e+00
1.088000000000000000e+03 1.101348881577413286e+00 1.302354478909085955e+00
1.090000000000000000e+03 1.099342853299204448e+00 1.290815037558415312e+00
1.092000000000000000e+03 1.103880170380223236e+00 1.296580378812272727e+00
1.094000000000000000e+03 1.090036717844074410e+00 1.273515652062751968e+00
1.096000000000000000e+03 1.107223140692088714e+00 1.300965265341675448e+00
1.098000000000000000e+03 1.095233938006579644e+00 1.275526953860358859e+00
1.100000000000000000e+03 1.098194319013281461e+00 1.279891073239550536e+00
1.102000000000000000e+03 1.102991877812949273e+00 1.310679509582129754e+00
1.104000000000000000e+03 1.097784206645968652e+00 1.299849841230424019e+00
1.106000000000000000e+03 1.111173968886112418e+00 1.326491395489160396e+00
1.108000000000000000e+03 1.114723611793866809e+00 1.328895222819220123e+00
1.110000000000000000e+03 1.110362501134249502e+00 1.312097279629975688e+00
1.112000000000000000e+03 1.087375823775257322e+00 1.263681194059618207e+00
1.114000000000000000e+03 1.111447918276913915e+00 1.305177150563197941e+00
1.116000000000000000e+03 1.081024280505857860e+00 1.234866489146213553e+00
1.118000000000000000e+03 1.079102800731212897e+00 1.245224944338122697e+00
1.120000000000000000e+03 1.081384261060943208e+00 1.245381044801808557e+00
1.122000000000000000e+03 1.110247918335434791e+00 1.320574811010970961e+00
1.124000000000000000e+03 1.111648002712623207e+00 1.303520844477180418e+00
1.126000000000000000e+03 1.096770911168191365e+00 1.282349157308004806e+00
1.128000000000000000e+03 1.101140844842668942e+00 1.294710021575086856e+00
1.130000000000000000e+03 1.090525617131271385e+00 1.263331177410154993e+00
1.132000000000000000e+03 1.089510954841284018e+00 1.269746529847150640e+00
1.134000000000000000e+03 1.077237046806767795e+00 1.240868105050706660e+00
1.136000000000000000e+03 1.081236653234447065e+00 1.261454218864464849e+00
1.138000000000000000e+03 1.118027556403149880e+00 1.335545553737267355e+00
1.140000000000000000e+03 1.121057051880236521e+00 1.338777370452520543e+00
1.142000000000000000e+03 1.111581877926922202e+00 1.329723055782530139e+00
1.144000000000000000e+03 1.101661956353451544e+00 1.299420852513975433e+00
1.146000000000000000e+03 1.126395606037731145e+00 1.354954838808586359e+00
1.148000000000000000e+03 1.114029645891609466e+00 1.321348993993913368e+00
1.150000000000000000e+03 1.132262178374770389e+00 1.361048511699785024e+00
1.152000000000000000e+03 1.126605915906613298e+00 1.351989202395214917e+00
1.154000000000000000e+03 1.128479635538045533e+00 1.356871820225601155e+00
1.156000000000000000e+03 1.160491689683754046e+00 1.438976394945534309e+00
1.158000000000000000e+03 1.152927320454470106e+00 1.437924160213492897e+00
1.160000000000000000e+03 1.132478106706710674e+00 1.374197693836581635e+00
1.162000000000000000e+03 1.137311335407402479e+00 1.367554124893461065e+00
1.164000000000000000e+03 1.111068592818736933e+00 1.312160169357756700e+00
1.166000000000000000e+03 1.122555534880987249e+00 1.350210179924628662e+00
1.168000000000000000e+03 1.131331597342401185e+00 1.370775376059967243e+00
1.170000000000000000e+03 1.128039513083146206e+00 1.363083020553053970e+00
1.172000000000000000e+03 1.136486030751522769e+00 1.370460456740412170e+00
1.174000000000000000e+03 1.136178269715866440e+00 1.370044441831673510e+00
1.176000000000000000e+03 1.152059256131437781e+00 1.406873407563429268e+00
1.178000000000000000e+03 1.143927160682237654e+00 1.401183090839252188e+00
1.180000000000000000e+03 1.168859957632390811e+00 1.447956643475549754e+00
1.182000000000000000e+03 1.129599001923454971e+00 1.361802637423632945e+00
1.184000000000000000e+03 1.141117460847922205e+00 1.386137758710708212e+00
1.186000000000000000e+03 1.138722096942355266e+00 1.377416293402342617e+00
1.188000000000000000e+03 1.143664599594233389e+00 1.389789594515004723e+00
1.190000000000000000e+03 1.130649750867131154e+00 1.359580035879618620e+00
1.192000000000000000e+03 1.119326117987808455e+00 1.336156427606924879e+00
1.194000000000000000e+03 1.124562664427997793e+00 1.346935733580494343e+00
1.196000000000000000e+03 1.126073183361953056e+00 1.355680991255871604e+00
1.198000000000000000e+03 1.139454557129355949e+00 1.387429669001472021e+00
1.200000000000000000e+03 1.102774679174594930e+00 1.293818651228724192e+00
1.202000000000000000e+03 1.128125875886303753e+00 1.356700615716889047e+00
1.204000000000000000e+03 1.153862802431863344e+00 1.419013266703977649e+00
1.206000000000000000e+03 1.149706063390398825e+00 1.414462053243095596e+00
1.208000000000000000e+03 1.149024660002765375e+00 1.413082276106592872e+00
1.210000000000000000e+03 1.122983389258994436e+00 1.351520202009417915e+00
1.212000000000000000e+03 1.137218949771159782e+00 1.387274486750962765e+00
1.214000000000000000e+03 1.131504826719667900e+00 1.366320377262404406e+00
1.216000000000000000e+03 1.125791593618413078e+00 1.353824356155822528e+00
1.218000000000000000e+03 1.123648392070931479e+00 1.350328143413337401e+00
1.220000000000000000e+03 1.116269479450214597e+00 1.330508082461767216e+00
1.222000000000000000e+03 1.096320617023210930e+00 1.268737202990049440e+00
1.224000000000000000e+03 1.120673214195474499e+00 1.335084957039580189e+00
1.226000000000000000e+03 1.110344735233133040e+00 1.323153607740509941e+00
1.228000000000000000e+03 1.123018438639750594e+00 1.351594125023803272e+00
1.230000000000000000e+03 1.102991290001373192e+00 1.298950093931708238e+00
1.232000000000000000e+03 1.096327092188508878e+00 1.302685095621587408e+00
1.234000000000000000e+03 1.104179803880246391e+00 1.311978285974225500e+00
1.236000000000000000e+03 1.090580306067792105e+00 1.266706589408311601e+00
1.238000000000000000e+03 1.118311859237102190e+00 1.323794340437538963e+00
1.240000000000000000e+03 1.093376626438424815e+00 1.283146669966455988e+00
1.242000000000000000e+03 1.110466955194767458e+00 1.320748817322996871e+00
1.244000000000000000e+03 1.116972263065242776e+00 1.324812909713823927e+00
1.246000000000000000e+03 1.087022280301714439e+00 1.250742656142566744e+00
1.248000000000000000e+03 1.084283072494152567e+00 1.244489460295419292e+00
1.250000000000000000e+03 1.086520959697740984e+00 1.254483293219777806e+00
1.252000000000000000e+03 1.098035551241166585e+00 1.269222463675687251e+00
1.254000000000000000e+03 1.111018034371393792e+00 1.305288082257559878e+00
1.256000000000000000e+03 1.091182943120998283e+00 1.256746046594440003e+00
1.258000000000000000e+03 1.125737171155781091e+00 1.339519573126832341e+00
1.260000000000000000e+03 1.140504222396503842e+00 1.367645412184973708e+00
1.262000000000000000e+03 1.130167028161420451e+00 1.360312178614396572e+00
1.264000000000000000e+03 1.130566756512894511e+00 1.364617312754477396e+00
1.266000000000000000e+03 1.101983328155503816e+00 1.300184060704140165e+00
1.268000000000000000e+03 1.099897996393274457e+00 1.287396046464122534e+00
1.270000000000000000e+03 1.110710726436054063e+00 1.321975144598487972e+00
1.272000000000000000e+03 1.122693769329295099e+00 1.347749887132856372e+00
1.274000000000000000e+03 1.121672750813732966e+00 1.345565605491000127e+00
1.276000000000000000e+03 1.098728045500538819e+00 1.288176765320036665e+00
1.278000000000000000e+03 1.085151829633182130e+00 1.266347518764673552e+00
1.280000000000000000e+03 1.113228136615887376e+00 1.331043774959280057e+00
1.282000000000000000e+03 1.123966253226009071e+00 1.339301453037869294e+00
1.284000000000000000e+03 1.115365287426049123e+00 1.314190531132565454e+00
1.286000000000000000e+03 1.127288684568500843e+00 1.346900968279451050e+00
1.288000000000000000e+03 1.121030163560462922e+00 1.323032756840474278e+00
1.290000000000000000e+03 1.134669198708884164e+00 1.357791151622855352e+00
1.292000000000000000e+03 1.140865367267553943e+00 1.388691757069633326e+00
1.294000000000000000e+03 1.120937844246707726e+00 1.355842859724649685e+00
1.296000000000000000e+03 1.149316007877788870e+00 1.426391759514093138e+00
1.298000000000000000e+03 1.132875050970767683e+00 1.398157927514951382e+00
1.300000000000000000e+03 1.119758278094056703e+00 1.352780263433276176e+00
1.302000000000000000e+03 1.109006055908962951e+00 1.315224832320499360e+00
1.304000000000000000e+03 1.067416008306047992e+00 1.209729034605119935e+00
1.306000000000000000e+03 1.111799027142511775e+00 1.325491082875631221e+00
1.308000000000000000e+03 1.132408149588595148e+00 1.353858513286034793e+00
1.310000000000000000e+03 1.098219739599528566e+00 1.280499353312837485e+00
1.312000000000000000e+03 1.089840553218316632e+00 1.279649770195906200e+00
1.314000000000000000e+03 1.096164131697823230e+00 1.296468272435632230e+00
1.316000000000000000e+03 1.093783329529438353e+00 1.287706304574433247e+00
1.318000000000000000e+03 1.099659424922126316e+00 1.292975420416963672e+00
1.320000000000000000e+03 1.092832675034314249e+00 1.274706013268184890e+00
1.322000000000000000e+03 1.100584197251069041e+00 1.281548111280915947e+00
1.324000000000000000e+03 1.106147538657126894e+00 1.304973151385800278e+00
1.326000000000000000e+03 1.100712112603302373e+00 1.296263297108911416e+00
1.328000000000000000e+03 1.130016188151193424e+00 1.355406274344309381e+00
1.330000000000000000e+03 1.126428266896574826e+00 1.356296418812895865e+00
1.332000000000000000e+03 1.122550168619821820e+00 1.338977693924837453e+00
1.334000000000000000e+03 1.124636546395038295e+00 1.337366574861023949e+00
1.336000000000000000e+03 1.126878700245003806e+00 1.339093117513661113e+00
1.338000000000000000e+03 1.132313407251892334e+00 1.355872282813850305e+00
1.340000000000000000e+03 1.149189522748241155e+00 1.399074986992678404e+00
1.342000000000000000e+03 1.161592603325330764e+00 1.433238147337560164e+00
1.344000000000000000e+03 1.165634141613227204e+00 1.450132256471741599e+00
1.346000000000000000e+03 1.152319283540056194e+00 1.408098613517134723e+00
1.348000000000000000e+03 1.121235243566208295e+00 1.343855527311328402e+00
1.350000000000000000e+03 1.131548216747558788e+00 1.360194527815517418e+00
1.352000000000000000e+03 1.132037196229533471e+00 1.360596278091721345e+00
1.354000000000000000e+03 1.122556076996897412e+00 1.338825578783012560e+00
1.356000000000000000e+03 1.116915440962714445e+00 1.306929678092116021e+00
1.358000000000000000e+03 1.086188851384554122e+00 1.246433913309241248e+00
1.360000000000000000e+03 1.062922814080059286e+00 1.200314612680669413e+00
1.362000000000000000e+03 1.070501975705706155e+00 1.213073948974933813e+00
1.364000000000000000e+03 1.077519038398706108e+00 1.228213038406030577e+00
1.366000000000000000e+03 1.055419935877395687e+00 1.170112503940888615e+00
1.368000000000000000e+03 1.054649720677148128e+00 1.176756125483072069e+00
1.370000000000000000e+03 1.061083952010244413e+00 1.193053266161845372e+00
1.372000000000000000e+03 1.095541150899454363e+00 1.273681900051649052e+00
1.374000000000000000e+03 1.109684144949242057e+00 1.301963660635621522e+00
1.376000000000000000e+03 1.101755572979304931e+00 1.302374988783730814e+00
1.378000000000000000e+03 1.099920632706690382e+00 1.288661891862521003e+00
1.380000000000000000e+03 1.088653620320831905e+00 1.271596782869462317e+00
1.382000000000000000e+03 1.110564705601729596e+00 1.321207260325609312e+00
1.384000000000000000e+03 1.095308376317526644e+00 1.284134214639333749e+00
1.386000000000000000e+03 1.087206974109427904e+00 1.263418163730458232e+00
1.388000000000000000e+03 1.071322468910128833e+00 1.216279251120402805e+00
1.390000000000000000e+03 1.081867512719113300e+00 1.274652125660548307e+00
1.392000000000000000e+03 1.082803232137993010e+00 1.251617965605714033e+00
1.394000000000000000e+03 1.080082524053674220e+00 1.252653910550169059e+00
1.396000000000000000e+03 1.086568449210732368e+00 1.272490673325652466e+00
1.398000000000000000e+03 1.075369625198447032e+00 1.234688195443943926e+00
1.400000000000000000e+03 1.079762659470419273e+00 1.251029568181076357e+00
1.402000000000000000e+03 1.093596243134847601e+00 1.285198625626987834e+00
1.404000000000000000e+03 1.067567878089866085e+00 1.216120037002678345e+00
1.406000000000000000e+03 1.052535749976294399e+00 1.182917590016938192e+00
1.408000000000000000e+03 1.055438581834824641e+00 1.181187484148701117e+00
1.410000000000000000e+03 1.075264664918374136e+00 1.212202216589304271e+00
1.412000000000000000e+03 1.090497253403752254e+00 1.246466200866180429e+00
1.414000000000000000e+03 1.087873608903229705e+00 1.247056446526190854e+00
1.416000000000000000e+03 1.095054774303272804e+00 1.277637615477400956e+00
1.418000000000000000e+03 1.097313094779766685e+00 1.288053383818338560e+00
1.420000000000000000e+03 1.103095243182200758e+00 1.300034267527934162e+00
1.422000000000000000e+03 1.123325241655173778e+00 1.351512745546953553e+00
1.424000000000000000e+03 1.114316966905986472e+00 1.315979583865894753e+00
1.426000000000000000e+03 1.097632254199271795e+00 1.280377743701174964e+00
1.428000000000000000e+03 1.125890069944516680e+00 1.340420434648626369e+00
1.430000000000000000e+03 1.103729203559361771e+00 1.309626596535517606e+00
1.432000000000000000e+03 1.115280000929478099e+00 1.329275405608001392e+00
1.434000000000000000e+03 1.107225692498431169e+00 1.309195284523896774e+00
1.436000000000000000e+03 1.084640961370999968e+00 1.267580833729262224e+00
1.438000000000000000e+03 1.081720203283527582e+00 1.259092567682030150e+00
1.440000000000000000e+03 1.067679685912605869e+00 1.215813136876230161e+00
1.442000000000000000e+03 1.105870769096206185e+00 1.293725500315931143e+00
1.444000000000000000e+03 1.111019626946997629e+00 1.302295062534557957e+00
1.446000000000000000e+03 1.096322539791420025e+00 1.289087361525758979e+00
1.448000000000000000e+03 1.064372574425890949e+00 1.212275112469399119e+00
1.450000000000000000e+03 1.054284823498573109e+00 1.192148260626524348e+00
1.452000000000000000e+03 1.036498483229488565e+00 1.137680728568041033e+00
1.454000000000000000e+03 1.068614193563214965e+00 1.210532046288193442e+00
1.456000000000000000e+03 1.061801006242626189e+00 1.203250523003626782e+00
1.458000000000000000e+03 1.093429852556025761e+00 1.271118138181009272e+00
1.460000000000000000e+03 1.084846268726188834e+00 1.263537211996663245e+00
1.462000000000000000e+03 1.105950667254832709e+00 1.315287276950778406e+00
1.464000000000000000e+03 1.138570145267675304e+00 1.400346850060685711e+00
1.466000000000000000e+03 1.142439769722977783e+00 1.411064240345998755e+00
1.468000000000000000e+03 1.094560224605564791e+00 1.283151255616525432e+00
1.470000000000000000e+03 1.101480286384337148e+00 1.298309438501641822e+00
1.472000000000000000e+03 1.134229360025816646e+00 1.384436152695446509e+00
1.474000000000000000e+03 1.116180044629628831e+00 1.336091081418350868e+00
1.476000000000000000e+03 1.108131464339797034e+00 1.318076571861857005e+00
1.478000000000000000e+03 1.111764028334427001e+00 1.351079603446565969e+00
1.480000000000000000e+03 1.132039695786197786e+00 1.384081530677175209e+00
1.482000000000000000e+03 1.102245759910926326e+00 1.311571284442985430e+00
1.484000000000000000e+03 1.105649939811092608e+00 1.321901613782911156e+00
1.486000000000000000e+03 1.119750421518369343e+00 1.350304625397146907e+00
1.488000000000000000e+03 1.156275857109372973e+00 1.448274077669246651e+00
1.490000000000000000e+03 1.154097087204073890e+00 1.429642182500696634e+00
1.492000000000000000e+03 1.146233512634859508e+00 1.411810151482425724e+00
1.494000000000000000e+03 1.154788604677021047e+00 1.434608730760199791e+00
1.496000000000000000e+03 1.140604152120075598e+00 1.396229566542174894e+00
1.498000000000000000e+03 1.152145862272084376e+00 1.409357273869822791e+00
1.500000000000000000e+03 1.132151016653177189e+00 1.362178848333828185e+00
1.502000000000000000e+03 1.106994630900299370e+00 1.303045307495130700e+00
1.504000000000000000e+03 1.140369651971938403e+00 1.395840002037212813e+00
1.506000000000000000e+03 1.138857630391091558e+00 1.387452289315241671e+00
1.508000000000000000e+03 1.147687454180143174e+00 1.413882765836866895e+00
1.510000000000000000e+03 1.138527216911500162e+00 1.385907939604756223e+00
1.512000000000000000e+03 1.187697106837432459e+00 1.501597806764705112e+00
1.514000000000000000e+03 1.135368006746732661e+00 1.400400330800511739e+00
1.516000000000000000e+03 1.156824255936198531e+00 1.442460467584774975e+00
1.518000000000000000e+03 1.108759774727860137e+00 1.304959848215036189e+00
1.520000000000000000e+03 1.119337567392861610e+00 1.321176133628691574e+00
1.522000000000000000e+03 1.139979572431120136e+00 1.380703017498579044e+00
1.524000000000000000e+03 1.114006793348301994e+00 1.327672262154168337e+00
1.526000000000000000e+03 1.133408475532789339e+00 1.367319015092848034e+00
1.528000000000000000e+03 1.100366450951199004e+00 1.292550761462102571e+00
1.530000000000000000e+03 1.092938486778600282e+00 1.273274022475563427e+00
1.532000000000000000e+03 1.118258372795704059e+00 1.329944677525757513e+00
1.534000000000000000e+03 1.126994059962965089e+00 1.352468850790220500e+00
1.536000000000000000e+03 1.134307054069511711e+00 1.358742203487176781e+00
1.538000000000000000e+03 1.129560598131497562e+00 1.352401532573257015e+00
1.540000000000000000e+03 1.142969144413286120e+00 1.393315199030636720e+00
1.542000000000000000e+03 1.152425654973733948e+00 1.415986623101396447e+00
1.544000000000000000e+03 1.119454836717362900e+00 1.337676033576641998e+00
1.546000000000000000e+03 1.143844847690573374e+00 1.398123876966334223e+00
1.548000000000000000e+03 1.153163015084815335e+00 1.422084174234065301e+00
1.550000000000000000e+03 1.146334599316525260e+00 1.402592227059265895e+00
1.552000000000000000e+03 1.113406515838858857e+00 1.339157062717617919e+00
1.554000000000000000e+03 1.089534534685572931e+00 1.283885689673855524e+00
1.556000000000000000e+03 1.115389231071337584e+00 1.341084811740001825e+00
1.558000000000000000e+03 1.122316912957071366e+00 1.358075946975022319e+00
1.560000000000000000e+03 1.138033974605236143e+00 1.392580340017092411e+00
1.562000000000000000e+03 1.157036274170627488e+00 1.454945533735102714e+00
1.564000000000000000e+03 1.153024366773740761e+00 1.431749429610585267e+00
1.566000000000000000e+03 1.141301000157815215e+00 1.394886367298608931e+00
1.568000000000000000e+03 1.156391251661854858e+00 1.431692183115314876e+00
1.570000000000000000e+03 1.153672619076249184e+00 1.416294257264807399e+00
1.572000000000000000e+03 1.168918849976027019e+00 1.438824895602499154e+00
1.574000000000000000e+03 1.177537283458620410e+00 1.461063606465421216e+00
1.576000000000000000e+03 1.164226596218045362e+00 1.432402447083536146e+00
1.578000000000000000e+03 1.140613405117498758e+00 1.382321979572987303e+00
1.580000000000000000e+03 1.139569177630143315e+00 1.378285730948826782e+00
1.582000000000000000e+03 1.116222295249805985e+00 1.331436626954170421e+00
1.584000000000000000e+03 1.149064522589472670e+00 1.412557547825548099e+00
1.586000000000000000e+03 1.134272825685501473e+00 1.366159156732981828e+00
1.588000000000000000e+03 1.149619597795929371e+00 1.407693866927212767e+00
1.590000000000000000e+03 1.159451436523781354e+00 1.425208792557173254e+00
1.592000000000000000e+03 1.176860130598458953e+00 1.463102622482283621e+00
1.594000000000000000e+03 1.142142457176781312e+00 1.369216325834004877e+00
1.596000000000000000e+03 1.108665710591698828e+00 1.282669772022179799e+00
1.598000000000000000e+03 1.095623169030837563e+00 1.260081280980484664e+00
1.600000000000000000e+03 1.096432882193798974e+00 1.258903567879963603e+00
1.602000000000000000e+03 1.087963230388833580e+00 1.243213090141583876e+00
1.604000000000000000e+03 1.121489858357841207e+00 1.335658535638023281e+00
1.606000000000000000e+03 1.124889195932618158e+00 1.339803572578755819e+00
1.608000000000000000e+03 1.116593126661583391e+00 1.327362603420914056e+00
1.610000000000000000e+03 1.116580133122887286e+00 1.347363205829038790e+00
1.612000000000000000e+03 1.122434370200709797e+00 1.355594107406007609e+00
1.614000000000000000e+03 1.106341923094164681e+00 1.303022332120672644e+00
1.616000000000000000e+03 1.101618971988237217e+00 1.295139165695507799e+00
1.618000000000000000e+03 1.124528533771229188e+00 1.349173288539335047e+00
1.620000000000000000e+03 1.126110308973828245e+00 1.352074955370939691e+00
1.622000000000000000e+03 1.125593758755459639e+00 1.350588896335036537e+00
1.624000000000000000e+03 1.118713965070754046e+00 1.334416047082468637e+00
1.626000000000000000e+03 1.124564010383068524e+00 1.341892634215271940e+00
1.628000000000000000e+03 1.130402426196778665e+00 1.358001953744958357e+00
1.630000000000000000e+03 1.112267741958248291e+00 1.315875870781763268e+00
1.632000000000000000e+03 1.112825456689367609e+00 1.326053492309130277e+00
1.634000000000000000e+03 1.087445265289186835e+00 1.257731947304842279e+00
1.636000000000000000e+03 1.079061809627488877e+00 1.240523818562239811e+00
1.638000000000000000e+03 1.100707666347113367e+00 1.286654349676389586e+00
1.640000000000000000e+03 1.122828508199921416e+00 1.347414752024494788e+00
1.642000000000000000e+03 1.128131737966406867e+00 1.351972773721040966e+00
1.644000000000000000e+03 1.116472109878984043e+00 1.319197144535708688e+00
1.646000000000000000e+03 1.123150639459142619e+00 1.343496451756584165e+00
1.648000000000000000e+03 1.121055055662039557e+00 1.357755556070257441e+00
1.650000000000000000e+03 1.110878908649094221e+00 1.328887308984636917e+00
1.652000000000000000e+03 1.094231422543756826e+00 1.291178189055525394e+00
1.654000000000000000e+03 1.091586147104949722e+00 1.275493314307526660e+00
1.656000000000000000e+03 1.108838077919007681e+00 1.321969283602134837e+00
1.658000000000000000e+03 1.112747353493159785e+00 1.329234944130996965e+00
1.660000000000000000e+03 1.080026024152200170e+00 1.243428862559193604e+00
1.662000000000000000e+03 1.065559412446356102e+00 1.205600756958212116e+00
1.664000000000000000e+03 1.086095012411143479e+00 1.242884326457408761e+00
1.666000000000000000e+03 1.098648291216583583e+00 1.259175992661603516e+00
1.668000000000000000e+03 1.108576948947749052e+00 1.300933584108221908e+00
1.670000000000000000e+03 1.087327059416447916e+00 1.250892148015616101e+00
1.672000000000000000e+03 1.104224554692161187e+00 1.289639770285090137e+00
1.674000000000000000e+03 1.122451116743524935e+00 1.328883180118587859e+00
1.676000000000000000e+03 1.096105875213740921e+00 1.287429010274328434e+00
1.678000000000000000e+03 1.091272389795333364e+00 1.269537365418962338e+00
1.680000000000000000e+03 1.108190675243062362e+00 1.309180569022068141e+00
1.682000000000000000e+03 1.093392526503369933e+00 1.278778943594721440e+00
1.684000000000000000e+03 1.095344162086646200e+00 1.276098423071552190e+00
1.686000000000000000e+03 1.091220290750384292e+00 1.262040240974970473e+00
1.688000000000000000e+03 1.095485123759352364e+00 1.262257104552071851e+00
1.690000000000000000e+03 1.107110035850680685e+00 1.296015340489203638e+00
1.692000000000000000e+03 1.124299789350219125e+00 1.333015618342237474e+00
1.694000000000000000e+03 1.123189245886101917e+00 1.330996237413454963e+00
1.696000000000000000e+03 1.112874558701708372e+00 1.312279476510664011e+00
1.698000000000000000e+03 1.079745933276778480e+00 1.249483071901888565e+00
1.700000000000000000e+03 1.099755212160642648e+00 1.299554826057589096e+00
1.702000000000000000e+03 1.099897564796071148e+00 1.287431134868540994e+00
1.704000000000000000e+03 1.090715868466639593e+00 1.268049310628944326e+00
1.706000000000000000e+03 1.115173718700559924e+00 1.318705580895885632e+00
1.708000000000000000e+03 1.095687083648469784e+00 1.285956126149851997e+00
1.710000000000000000e+03 1.090281702534004360e+00 1.291285806047097751e+00
1.712000000000000000e+03 1.115873536421863044e+00 1.343342444850017969e+00
1.714000000000000000e+03 1.134022294778088025e+00 1.391153735189025298e+00
1.716000000000000000e+03 1.112152981020031683e+00 1.332709202043943719e+00
1.718000000000000000e+03 1.113010949688514550e+00 1.327038135511696026e+00
1.720000000000000000e+03 1.139123444292051701e+00 1.387203843460687480e+00
1.722000000000000000e+03 1.128824459856461848e+00 1.358938723189229592e+00
1.724000000000000000e+03 1.131162553022163841e+00 1.352115350712947972e+00
1.726000000000000000e+03 1.109718505711352776e+00 1.295719832345483269e+00
1.728000000000000000e+03 1.123641210887748265e+00 1.347776260601829534e+00
1.730000000000000000e+03 1.122841800416842117e+00 1.335347463909601018e+00
1.732000000000000000e+03 1.126820405762260169e+00 1.341240991793956283e+00
1.734000000000000000e+03 1.118607767573430056e+00 1.328947785431934037e+00
1.736000000000000000e+03 1.128188731868452699e+00 1.345072113129441860e+00
1.738000000000000000e+03 1.141403612103530918e+00 1.377990855200131648e+00
1.740000000000000000e+03 1.125538855569160113e+00 1.340836851242034555e+00
1.742000000000000000e+03 1.110322753946864527e+00 1.311920052507545620e+00
1.744000000000000000e+03 1.141331539797995731e+00 1.373904867519339490e+00
1.746000000000000000e+03 1.118994158871771116e+00 1.324382419050737170e+00
1.748000000000000000e+03 1.136208140153142088e+00 1.364807389158137596e+00
1.750000000000000000e+03 1.137088514418996610e+00 1.379795313482164332e+00
1.752000000000000000e+03 1.155453911570245129e+00 1.422892990225911092e+00
1.754000000000000000e+03 1.148420283463219782e+00 1.399648624798562224e+00
1.756000000000000000e+03 1.148047064112660554e+00 1.386030833148964803e+00
1.758000000000000000e+03 1.145664180218342043e+00 1.383017946878005944e+00
1.760000000000000000e+03 1.151847489784943779e+00 1.390613428196473933e+00
1.762000000000000000e+03 1.143520382105565725e+00 1.394767853712405525e+00
1.764000000000000000e+03 1.147281828662369829e+00 1.400683337771077674e+00
1.766000000000000000e+03 1.146888070921462166e+00 1.408968174761621839e+00
1.768000000000000000e+03 1.170381091465467316e+00 1.476954450755453507e+00
1.770000000000000000e+03 1.139129069743157974e+00 1.412477936018509794e+00
1.772000000000000000e+03 1.144360881955629239e+00 1.401815155746406916e+00
1.774000000000000000e+03 1.113307543554033607e+00 1.328566482025765438e+00
1.776000000000000000e+03 1.119273260855978780e+00 1.354573366375831256e+00
1.778000000000000000e+03 1.106454839024323622e+00 1.316804996372052727e+00
1.780000000000000000e+03 1.116255313349350686e+00 1.346968202056665120e+00
1.782000000000000000e+03 1.110285322979035483e+00 1.321481020679218688e+00
1.784000000000000000e+03 1.106776424688483029e+00 1.305996759488186498e+00
1.786000000000000000e+03 1.125962121522807502e+00 1.346953765133861225e+00
1.788000000000000000e+03 1.129677712071528006e+00 1.361157205074581711e+00
1.790000000000000000e+03 1.128376843184061951e+00 1.361293661191622206e+00
1.792000000000000000e+03 1.140312482312859643e+00 1.391534177620354029e+00
1.794000000000000000e+03 1.154437367907959366e+00 1.430595766809160452e+00
1.796000000000000000e+03 1.146186091583910160e+00 1.394331631190901533e+00
1.798000000000000000e+03 1.137840892533735548e+00 1.383624163116824235e+00
1.800000000000000000e+03 1.146794848099434549e+00 1.415738659981389702e+00
1.802000000000000000e+03 1.123874502856614388e+00 1.359407457796022456e+00
1.804000000000000000e+03 1.113917615440275011e+00 1.333105780978563359e+00
1.806000000000000000e+03 1.114318138570428829e+00 1.324468683943099023e+00
1.808000000000000000e+03 1.140588722345679429e+00 1.398635369651737292e+00
1.810000000000000000e+03 1.113061629965556021e+00 1.323412073105892262e+00
1.812000000000000000e+03 1.106883885786572375e+00 1.300204869365520821e+00
1.814000000000000000e+03 1.118375836679761814e+00 1.335098378308128275e+00
1.816000000000000000e+03 1.130312936057254802e+00 1.358176825850248903e+00
1.818000000000000000e+03 1.121787407580668861e+00 1.336592513531480009e+00
1.820000000000000000e+03 1.132546816580454863e+00 1.366357811882924267e+00
1.822000000000000000e+03 1.116272471646534648e+00 1.332748305288035340e+00
1.824000000000000000e+03 1.145113787426539798e+00 1.399105245954231691e+00
1.826000000000000000e+03 1.134552095160012986e+00 1.363649616468595838e+00
1.828000000000000000e+03 1.115694266032300597e+00 1.313082347449057607e+00
1.830000000000000000e+03 1.136099278780337229e+00 1.370509797226366899e+00
1.832000000000000000e+03 1.142256449345473435e+00 1.373228582679281828e+00
1.834000000000000000e+03 1.121885317945425342e+00 1.333409947816251773e+00
1.836000000000000000e+03 1.139927812625928460e+00 1.376589796624928752e+00
1.838000000000000000e+03 1.127976129562517915e+00 1.360419634532057387e+00
1.840000000000000000e+03 1.115697234750994582e+00 1.325864534174451492e+00
1.842000000000000000e+03 1.118995277146993761e+00 1.334017454281562820e+00
1.844000000000000000e+03 1.118457136192493095e+00 1.340828023685917358e+00
1.846000000000000000e+03 1.136230180436173409e+00 1.378625168959812797e+00
1.848000000000000000e+03 1.166449957972849560e+00 1.454366476284585374e+00
1.850000000000000000e+03 1.148201109095543293e+00 1.422613061007890423e+00
1.852000000000000000e+03 1.128133016652760112e+00 1.372055425092357339e+00
1.854000000000000000e+03 1.110264309761030965e+00 1.319495238485462352e+00
1.856000000000000000e+03 1.141180381109928810e+00 1.379499434125733615e+00
1.858000000000000000e+03 1.145405900545569233e+00 1.398672464327493259e+00
1.860000000000000000e+03 1.147551454009085870e+00 1.403967311235270188e+00
1.862000000000000000e+03 1.120897104442978520e+00 1.344056335920381429e+00
1.864000000000000000e+03 1.131823138742022117e+00 1.360440132514522560e+00
1.866000000000000000e+03 1.108371877132593220e+00 1.292637383334929169e+00
1.868000000000000000e+03 1.085705441832927054e+00 1.239593021208117207e+00
1.870000000000000000e+03 1.084638388629456829e+00 1.246789357949982247e+00
1.872000000000000000e+03 1.076138890148727878e+00 1.230046656897750168e+00
1.874000000000000000e+03 1.051373724985694480e+00 1.183773038512502040e+00
1.876000000000000000e+03 1.091119541292465245e+00 1.257428648158736451e+00
1.878000000000000000e+03 1.090590996578239658e+00 1.254171722980448322e+00
1.880000000000000000e+03 1.101664341655657076e+00 1.272290199599090954e+00
1.882000000000000000e+03 1.108712291840784125e+00 1.300270285875836151e+00
1.884000000000000000e+03 1.082526753228338023e+00 1.254837379628309435e+00
1.886000000000000000e+03 1.074368695978316524e+00 1.230052340386798448e+00
1.888000000000000000e+03 1.092716005715050676e+00 1.282162612083375564e+00
1.890000000000000000e+03 1.084087108098735541e+00 1.261718640328922447e+00
1.892000000000000000e+03 1.091235496140741779e+00 1.278121249050094832e+00
1.894000000000000000e+03 1.097423903525199140e+00 1.291656205919618827e+00
1.896000000000000000e+03 1.099996407886934868e+00 1.295729971798889935e+00
1.898000000000000000e+03 1.136160833364899814e+00 1.370515917332213007e+00
1.900000000000000000e+03 1.139026769471066736e+00 1.386579313485789555e+00
1.902000000000000000e+03 1.125938881028983651e+00 1.344925814974160971e+00
1.904000000000000000e+03 1.143805670832041876e+00 1.388835293352878253e+00
1.906000000000000000e+03 1.150131861195351046e+00 1.406933202430998620e+00
1.908000000000000000e+03 1.181138869579326123e+00 1.466631513704822254e+00
1.910000000000000000e+03 1.160979285966412311e+00 1.439679877023079868e+00
1.912000000000000000e+03 1.146249121569362206e+00 1.397044738717969636e+00
1.914000000000000000e+03 1.123226093614931642e+00 1.357971215490520578e+00
1.916000000000000000e+03 1.092957250252335921e+00 1.286213127469970630e+00
1.918000000000000000e+03 1.095037112655024014e+00 1.306242118646789407e+00
1.920000000000000000e+03 1.126016514156465531e+00 1.381889825804929472e+00
1.922000000000000000e+03 1.111003846983117160e+00 1.340059955453481777e+00
1.924000000000000000e+03 1.135835215348659943e+00 1.396409520069729737e+00
1.926000000000000000e+03 1.106736159678227249e+00 1.315771293763594585e+00
1.928000000000000000e+03 1.125641162484050994e+00 1.358630083176281644e+00
1.930000000000000000e+03 1.111719137953310454e+00 1.321325553146623477e+00
1.932000000000000000e+03 1.116161330507205118e+00 1.333906088425884207e+00
1.934000000000000000e+03 1.145903083640522180e+00 1.400537221788843212e+00
1.936000000000000000e+03 1.126080628985700827e+00 1.342357466305079683e+00
1.938000000000000000e+03 1.119730428006212808e+00 1.324652725208249393e+00
1.940000000000000000e+03 1.136952223546439544e+00 1.374416766052737771e+00
1.942000000000000000e+03 1.120797748204813038e+00 1.332653868407561504e+00
1.944000000000000000e+03 1.121389488411173474e+00 1.333083135361327720e+00
1.946000000000000000e+03 1.123637104109816764e+00 1.331472247783032969e+00
1.948000000000000000e+03 1.126542185230203774e+00 1.333076533895594551e+00
1.950000000000000000e+03 1.110478968181867421e+00 1.306138595698261184e+00
1.952000000000000000e+03 1.079731330195313088e+00 1.240561937768504208e+00
1.954000000000000000e+03 1.077119537399876759e+00 1.230478684443653492e+00
1.956000000000000000e+03 1.100554700283947973e+00 1.278497253116636756e+00
1.958000000000000000e+03 1.074883071516364197e+00 1.236213576490788668e+00
1.960000000000000000e+03 1.081798576182264826e+00 1.245696833326732644e+00
1.962000000000000000e+03 1.084280330491678157e+00 1.252840653354782674e+00
1.964000000000000000e+03 1.086334544154888615e+00 1.268760459923159445e+00
1.966000000000000000e+03 1.070205326408800062e+00 1.226903121980404521e+00
1.968000000000000000e+03 1.085185430188073452e+00 1.260415883623041466e+00
1.970000000000000000e+03 1.102737017260947194e+00 1.294385947551528915e+00
1.972000000000000000e+03 1.092603430075135051e+00 1.283377091942575987e+00
1.974000000000000000e+03 1.095303472248220444e+00 1.296798183810403238e+00
1.976000000000000000e+03 1.079399125835426521e+00 1.258425465128077292e+00
1.978000000000000000e+03 1.101829237314643439e+00 1.300432883428312536e+00
1.980000000000000000e+03 1.115980544259050689e+00 1.343989000867040318e+00
1.982000000000000000e+03 1.100851118925558314e+00 1.299220960956807502e+00
1.984000000000000000e+03 1.114415882147223869e+00 1.337446493337916209e+00
1.986000000000000000e+03 1.124311888283380689e+00 1.350690668416479667e+00
1.988000000000000000e+03 1.113913534502289249e+00 1.316227102994814047e+00
1.990000000000000000e+03 1.110532885788065194e+00 1.318953812044659557e+00
1.992000000000000000e+03 1.121951993032325623e+00 1.349668605974492230e+00
1.994000000000000000e+03 1.133021527424222574e+00 1.367136614086588153e+00
1.996000000000000000e+03 1.142050480588887140e+00 1.386140756459329104e+00
1.998000000000000000e+03 1.136977034229602834e+00 1.371070251563175191e+00
2.000000000000000000e+03 1.115104921788923065e+00 1.322730122373391382e+00
