# time  <Ree(t).Ree(0)>  Cee_normalized  counts
0.000000000000000000e+00 7.040149149396914829e+00 1.000000000000000000e+00 1.281280000000000000e+05
2.000000000000000000e+00 6.098672541079197096e+00 8.662703604229226029e-01 1.280000000000000000e+05
4.000000000000000000e+00 5.436921993620642546e+00 7.722736945262571595e-01 1.278720000000000000e+05
6.000000000000000000e+00 4.903448966636342554e+00 6.964978813064478524e-01 1.277440000000000000e+05
8.000000000000000000e+00 4.451154186177705974e+00 6.322528247230398968e-01 1.276160000000000000e+05
1.000000000000000000e+01 4.054189460594238348e+00 5.758669844290920103e-01 1.274880000000000000e+05
1.200000000000000000e+01 3.696460148329546502e+00 5.250542381827519867e-01 1.273600000000000000e+05
1.400000000000000000e+01 3.370131311929514428e+00 4.787016923097733301e-01 1.272320000000000000e+05
1.600000000000000000e+01 3.077590545850584558e+00 4.371484865649788443e-01 1.271040000000000000e+05
1.800000000000000000e+01 2.810562376061637391e+00 3.992191523815089016e-01 1.269760000000000000e+05
2.000000000000000000e+01 2.564743293019184467e+00 3.643024087407139566e-01 1.268480000000000000e+05
2.200000000000000000e+01 2.343472838890571008e+00 3.328726123780093027e-01 1.267200000000000000e+05
2.400000000000000000e+01 2.142561448972152949e+00 3.043346672784187912e-01 1.265920000000000000e+05
2.600000000000000000e+01 1.958664662787690247e+00 2.782135180979051770e-01 1.264640000000000000e+05
2.800000000000000000e+01 1.793908212826069493e+00 2.548111090771055798e-01 1.263360000000000000e+05
3.000000000000000000e+01 1.638265426264231772e+00 2.327032270906606581e-01 1.262080000000000000e+05
3.200000000000000000e+01 1.498856105602592637e+00 2.129011862953202050e-01 1.260800000000000000e+05
3.400000000000000000e+01 1.369213741416690944e+00 1.944864678802980806e-01 1.259520000000000000e+05
3.600000000000000000e+01 1.251427665148229451e+00 1.777558455924802827e-01 1.258240000000000000e+05
3.800000000000000000e+01 1.139454940745211919e+00 1.618509660186420729e-01 1.256960000000000000e+05
4.000000000000000000e+01 1.039265493210779656e+00 1.476198119040996459e-01 1.255680000000000000e+05
4.200000000000000000e+01 9.466819953207609162e-01 1.344690254753845848e-01 1.254400000000000000e+05
4.400000000000000000e+01 8.620097226482955621e-01 1.224419688213762430e-01 1.253120000000000000e+05
4.600000000000000000e+01 7.864921510836362373e-01 1.117152682981169542e-01 1.251840000000000000e+05
4.800000000000000000e+01 7.173462167702457926e-01 1.018936107101788141e-01 1.250560000000000000e+05
5.000000000000000000e+01 6.510154743085866391e-01 9.247182985666646537e-02 1.249280000000000000e+05
5.200000000000000000e+01 5.946264787257959927e-01 8.446219903973681276e-02 1.248000000000000000e+05
5.400000000000000000e+01 5.430466496161019396e-01 7.713567398818835241e-02 1.246720000000000000e+05
5.600000000000000000e+01 4.977543145558726012e-01 7.070223996582687687e-02 1.245440000000000000e+05
5.800000000000000000e+01 4.585759369895069382e-01 6.513724741595712520e-02 1.244160000000000000e+05
6.000000000000000000e+01 4.220460436104389035e-01 5.994845203621757684e-02 1.242880000000000000e+05
6.200000000000000000e+01 3.883479349109981160e-01 5.516189027675151568e-02 1.241600000000000000e+05
6.400000000000000000e+01 3.565245052699534400e-01 5.064161251477103387e-02 1.240320000000000000e+05
6.600000000000000000e+01 3.250474042362601623e-01 4.617052811503360304e-02 1.239040000000000000e+05
6.800000000000000000e+01 3.022958364035998602e-01 4.293883978715076766e-02 1.237760000000000000e+05
7.000000000000000000e+01 2.847054333080906163e-01 4.044025591879392423e-02 1.236480000000000000e+05
7.200000000000000000e+01 2.648704866363685295e-01 3.762285159243512755e-02 1.235200000000000000e+05
7.400000000000000000e+01 2.477659485339019918e-01 3.519328117574420378e-02 1.233920000000000000e+05
7.600000000000000000e+01 2.341589221067351401e-01 3.326050586965107608e-02 1.232640000000000000e+05
7.800000000000000000e+01 2.184174408563608893e-01 3.102454738122576924e-02 1.231360000000000000e+05
8.000000000000000000e+01 2.012163804838363879e-01 2.858126670527616833e-02 1.230080000000000000e+05
8.200000000000000000e+01 1.871128893682980354e-01 2.657797234087388993e-02 1.228800000000000000e+05
8.400000000000000000e+01 1.738791861966487717e-01 2.469822478285760639e-02 1.227520000000000000e+05
8.600000000000000000e+01 1.601239203010603185e-01 2.274439318018953160e-02 1.226240000000000000e+05
8.800000000000000000e+01 1.440751113607649236e-01 2.046478111519937568e-02 1.224960000000000000e+05
9.000000000000000000e+01 1.325916792402653810e-01 1.883364633711256952e-02 1.223680000000000000e+05
9.200000000000000000e+01 1.225128346139574831e-01 1.740202260124736056e-02 1.222400000000000000e+05
9.400000000000000000e+01 1.110335951895650708e-01 1.577148336396774070e-02 1.221120000000000000e+05
9.600000000000000000e+01 9.971898563089159895e-02 1.416432855537355998e-02 1.219840000000000000e+05
9.800000000000000000e+01 8.897098189326320405e-02 1.263765582308505261e-02 1.218560000000000000e+05
1.000000000000000000e+02 8.090810807428878981e-02 1.149238551021602647e-02 1.217280000000000000e+05
1.020000000000000000e+02 7.354211941976865341e-02 1.044610247015413662e-02 1.216000000000000000e+05
1.040000000000000000e+02 6.871875398596144491e-02 9.760979849673803027e-03 1.214720000000000000e+05
1.060000000000000000e+02 6.371828206744933887e-02 9.050700591038995588e-03 1.213440000000000000e+05
1.080000000000000000e+02 6.285770750553680564e-02 8.928462475957832031e-03 1.212160000000000000e+05
1.100000000000000000e+02 5.781621147387058096e-02 8.212356051977013488e-03 1.210880000000000000e+05
1.120000000000000000e+02 5.367196272508339278e-02 7.623696826036864896e-03 1.209600000000000000e+05
1.140000000000000000e+02 5.269324982258005025e-02 7.484678052182168126e-03 1.208320000000000000e+05
1.160000000000000000e+02 4.646164328789336578e-02 6.599525422252373874e-03 1.207040000000000000e+05
1.180000000000000000e+02 4.202728436307230642e-02 5.969658237520794782e-03 1.205760000000000000e+05
1.200000000000000000e+02 3.333734254521531631e-02 4.735317652761818728e-03 1.204480000000000000e+05
1.220000000000000000e+02 2.732095697336548584e-02 3.880735534659219416e-03 1.203200000000000000e+05
1.240000000000000000e+02 2.228533062277795324e-02 3.165462854531568733e-03 1.201920000000000000e+05
1.260000000000000000e+02 1.990044316861086862e-02 2.826707608931213530e-03 1.200640000000000000e+05
1.280000000000000000e+02 1.113458841134136110e-02 1.581584164633101667e-03 1.199360000000000000e+05
1.300000000000000000e+02 3.178799224855166552e-03 4.515244148098018729e-04 1.198080000000000000e+05
1.320000000000000000e+02 -5.803906190993126865e-03 -8.244010272836778093e-04 1.196800000000000000e+05
1.340000000000000000e+02 -1.552943547460375155e-02 -2.205838987933098072e-03 1.195520000000000000e+05
1.360000000000000000e+02 -2.378178201451607368e-02 -3.378022469389488705e-03 1.194240000000000000e+05
1.380000000000000000e+02 -3.261858828488943540e-02 -4.633224040102000736e-03 1.192960000000000000e+05
1.400000000000000000e+02 -3.963907378259800413e-02 -5.630430966933937069e-03 1.191680000000000000e+05
1.420000000000000000e+02 -4.328280664841011038e-02 -6.147995692977310800e-03 1.190400000000000000e+05
1.440000000000000000e+02 -4.457493377124504413e-02 -6.331532589059352470e-03 1.189120000000000000e+05
1.460000000000000000e+02 -4.412183407827477422e-02 -6.267173200734591290e-03 1.187840000000000000e+05
1.480000000000000000e+02 -4.145856865997847585e-02 -5.888876468409759250e-03 1.186560000000000000e+05
1.500000000000000000e+02 -4.308884186422948931e-02 -6.120444460742800741e-03 1.185280000000000000e+05
1.520000000000000000e+02 -3.972594222050582907e-02 -5.642769972268115580e-03 1.184000000000000000e+05
1.540000000000000000e+02 -3.736462545584734452e-02 -5.307362765041438550e-03 1.182720000000000000e+05
1.560000000000000000e+02 -3.972519966336959113e-02 -5.642664497636757683e-03 1.181440000000000000e+05
1.580000000000000000e+02 -3.858195764279339496e-02 -5.480275605538622447e-03 1.180160000000000000e+05
1.600000000000000000e+02 -4.046194881000868965e-02 -5.747314147950233557e-03 1.178880000000000000e+05
1.620000000000000000e+02 -4.323095215144425602e-02 -6.140630153431845574e-03 1.177600000000000000e+05
1.640000000000000000e+02 -5.064318781807497505e-02 -7.193482232178739950e-03 1.176320000000000000e+05
1.660000000000000000e+02 -5.722803074503890475e-02 -8.128809423013610980e-03 1.175040000000000000e+05
1.680000000000000000e+02 -5.950968193539793449e-02 -8.452900737265737346e-03 1.173760000000000000e+05
1.700000000000000000e+02 -5.984957880616641884e-02 -8.501180519917444708e-03 1.172480000000000000e+05
1.720000000000000000e+02 -5.785884159070098232e-02 -8.218411338012260661e-03 1.171200000000000000e+05
1.740000000000000000e+02 -5.604789270957660774e-02 -7.961179730741623981e-03 1.169920000000000000e+05
1.760000000000000000e+02 -5.457894811847137373e-02 -7.752527249106193515e-03 1.168640000000000000e+05
1.780000000000000000e+02 -4.888397819598840066e-02 -6.943599795776483723e-03 1.167360000000000000e+05
1.800000000000000000e+02 -4.608239522607517763e-02 -6.545656100201054442e-03 1.166080000000000000e+05
1.820000000000000000e+02 -4.589707615283783460e-02 -6.519332925889723476e-03 1.164800000000000000e+05
1.840000000000000000e+02 -4.171975258570083389e-02 -5.925975671875460642e-03 1.163520000000000000e+05
1.860000000000000000e+02 -4.393544319517733721e-02 -6.240697783929906144e-03 1.162240000000000000e+05
1.880000000000000000e+02 -4.024610914473753659e-02 -5.716655754116397974e-03 1.160960000000000000e+05
1.900000000000000000e+02 -3.802873621521722647e-02 -5.401694681209262029e-03 1.159680000000000000e+05
1.920000000000000000e+02 -3.623496534435343558e-02 -5.146903080520312188e-03 1.158400000000000000e+05
1.940000000000000000e+02 -3.346259895126629108e-02 -4.753109378958657143e-03 1.157120000000000000e+05
1.960000000000000000e+02 -3.066487366575145965e-02 -4.355713638308121409e-03 1.155840000000000000e+05
1.980000000000000000e+02 -2.653744679926391126e-02 -3.769443833663269419e-03 1.154560000000000000e+05
2.000000000000000000e+02 -2.752663095722308190e-02 -3.909949970247592575e-03 1.153280000000000000e+05
2.020000000000000000e+02 -2.943345748382757143e-02 -4.180800272725606996e-03 1.152000000000000000e+05
2.040000000000000000e+02 -2.790393946791729432e-02 -3.963543793714604385e-03 1.150720000000000000e+05
2.060000000000000000e+02 -2.541410405482499163e-02 -3.609881483406080470e-03 1.149440000000000000e+05
2.080000000000000000e+02 -2.481662101133100956e-02 -3.525013530921698116e-03 1.148160000000000000e+05
2.100000000000000000e+02 -2.568737153657138159e-02 -3.648697064716570002e-03 1.146880000000000000e+05
2.120000000000000000e+02 -2.321582297776800252e-02 -3.297632263906902401e-03 1.145600000000000000e+05
2.140000000000000000e+02 -1.982059363051428408e-02 -2.815365585289083053e-03 1.144320000000000000e+05
2.160000000000000000e+02 -1.764174967429557941e-02 -2.505877261962104457e-03 1.143040000000000000e+05
2.180000000000000000e+02 -1.431036372393729161e-02 -2.032679055551425348e-03 1.141760000000000000e+05
2.200000000000000000e+02 -1.254725070928442744e-02 -1.782242171724340764e-03 1.140480000000000000e+05
2.220000000000000000e+02 -9.378219085917785178e-03 -1.332105170914050585e-03 1.139200000000000000e+05
2.240000000000000000e+02 -1.162583018477198783e-02 -1.651361347332804723e-03 1.137920000000000000e+05
2.260000000000000000e+02 -9.842606133267000137e-03 -1.398067842655031489e-03 1.136640000000000000e+05
2.280000000000000000e+02 -9.937621036346466416e-03 -1.411563991822212911e-03 1.135360000000000000e+05
2.300000000000000000e+02 -1.088596145788013440e-02 -1.546268584212120902e-03 1.134080000000000000e+05
2.320000000000000000e+02 -1.065979719171224194e-02 -1.514143658820836123e-03 1.132800000000000000e+05
2.340000000000000000e+02 -1.341624127193575405e-02 -1.905675716129542289e-03 1.131520000000000000e+05
2.360000000000000000e+02 -1.603768124412287277e-02 -2.278031459815978502e-03 1.130240000000000000e+05
2.380000000000000000e+02 -1.764601350040062577e-02 -2.506482906248122533e-03 1.128960000000000000e+05
2.400000000000000000e+02 -1.498894100724371473e-02 -2.129065832153246782e-03 1.127680000000000000e+05
2.420000000000000000e+02 -9.545556251470995249e-03 -1.355874151087935750e-03 1.126400000000000000e+05
2.440000000000000000e+02 -6.404668754305921190e-03 -9.097348107823210973e-04 1.125120000000000000e+05
2.460000000000000000e+02 -3.736307258525284423e-03 -5.307142191505062829e-04 1.123840000000000000e+05
2.480000000000000000e+02 -3.159261659211308384e-03 -4.487492512118074011e-04 1.122560000000000000e+05
2.500000000000000000e+02 -2.655581043420241968e-03 -3.772052249273339514e-04 1.121280000000000000e+05
2.520000000000000000e+02 2.492631479708001547e-03 3.540594704476579817e-04 1.120000000000000000e+05
2.540000000000000000e+02 3.369226820015676360e-03 4.785732160666364117e-04 1.118720000000000000e+05
2.560000000000000000e+02 6.920058750123590612e-03 9.829420660379601434e-04 1.117440000000000000e+05
2.580000000000000000e+02 9.604125882528614239e-03 1.364193524699876519e-03 1.116160000000000000e+05
2.600000000000000000e+02 1.005299032238686843e-02 1.427951327316417029e-03 1.114880000000000000e+05
2.620000000000000000e+02 1.157620238594004279e-02 1.644312093435080623e-03 1.113600000000000000e+05
2.640000000000000000e+02 1.242646867833008609e-02 1.765085996707126993e-03 1.112320000000000000e+05
2.660000000000000000e+02 1.122504717751052726e-02 1.594433148972718411e-03 1.111040000000000000e+05
2.680000000000000000e+02 1.443212773807500508e-02 2.049974713861184988e-03 1.109760000000000000e+05
2.700000000000000000e+02 1.501354571535031511e-02 2.132560745057003430e-03 1.108480000000000000e+05
2.720000000000000000e+02 1.185852531976632970e-02 1.684413933301707892e-03 1.107200000000000000e+05
2.740000000000000000e+02 1.405400794951579962e-02 1.996265654502464484e-03 1.105920000000000000e+05
2.760000000000000000e+02 1.277299791736717822e-02 1.814307857165406825e-03 1.104640000000000000e+05
2.780000000000000000e+02 9.083279475883143314e-03 1.290211227508049384e-03 1.103360000000000000e+05
2.800000000000000000e+02 1.174231794620363492e-02 1.667907553806516428e-03 1.102080000000000000e+05
2.820000000000000000e+02 1.025505439823361058e-02 1.456653002743854650e-03 1.100800000000000000e+05
2.840000000000000000e+02 1.227837253543070592e-02 1.744050058439815297e-03 1.099520000000000000e+05
2.860000000000000000e+02 1.153619024943011717e-02 1.638628671726130928e-03 1.098240000000000000e+05
2.880000000000000000e+02 1.322562174313504646e-02 1.878599652149131249e-03 1.096960000000000000e+05
2.900000000000000000e+02 1.537120040126297403e-02 2.183362891193821754e-03 1.095680000000000000e+05
2.920000000000000000e+02 1.583334045101215601e-02 2.249006393901256673e-03 1.094400000000000000e+05
2.940000000000000000e+02 2.304526874794778427e-02 3.273406324058052933e-03 1.093120000000000000e+05
2.960000000000000000e+02 2.709012449459187108e-02 3.847947524934540713e-03 1.091840000000000000e+05
2.980000000000000000e+02 2.824185278597306920e-02 4.011541827688746079e-03 1.090560000000000000e+05
3.000000000000000000e+02 2.897600382830737772e-02 4.115822436913793222e-03 1.089280000000000000e+05
3.020000000000000000e+02 2.884477821162444167e-02 4.097182829442667755e-03 1.088000000000000000e+05
3.040000000000000000e+02 3.178127113760757100e-02 4.514289465064823779e-03 1.086720000000000000e+05
3.060000000000000000e+02 3.365807265532224507e-02 4.780874941861923584e-03 1.085440000000000000e+05
3.080000000000000000e+02 3.536823407311290302e-02 5.023790451391597911e-03 1.084160000000000000e+05
3.100000000000000000e+02 3.493387675496320566e-02 4.962093275815863958e-03 1.082880000000000000e+05
3.120000000000000000e+02 3.520631392613869648e-02 5.000790917782558902e-03 1.081600000000000000e+05
3.140000000000000000e+02 3.882536460524136507e-02 5.514849725671975254e-03 1.080320000000000000e+05
3.160000000000000000e+02 3.643230379062024904e-02 5.174933515966941532e-03 1.079040000000000000e+05
3.180000000000000000e+02 4.015846490404634955e-02 5.704206551857850076e-03 1.077760000000000000e+05
3.200000000000000000e+02 3.869512306221194187e-02 5.496349898428886174e-03 1.076480000000000000e+05
3.220000000000000000e+02 3.878629076748200261e-02 5.509299582211916319e-03 1.075200000000000000e+05
3.240000000000000000e+02 4.208481491578774936e-02 5.977830017904221457e-03 1.073920000000000000e+05
3.260000000000000000e+02 3.940877729122686107e-02 5.597719090170520488e-03 1.072640000000000000e+05
3.280000000000000000e+02 3.676328175338277465e-02 5.221946435116655259e-03 1.071360000000000000e+05
3.300000000000000000e+02 3.282375780825009387e-02 4.662366820887864013e-03 1.070080000000000000e+05
3.320000000000000000e+02 3.102091368250957382e-02 4.406286432889982251e-03 1.068800000000000000e+05
3.340000000000000000e+02 2.863695765748581687e-02 4.067663489762708695e-03 1.067520000000000000e+05
3.360000000000000000e+02 2.745593157325510250e-02 3.899907656872167103e-03 1.066240000000000000e+05
3.380000000000000000e+02 2.613310744502451294e-02 3.712010483082332345e-03 1.064960000000000000e+05
3.400000000000000000e+02 2.704046709405112311e-02 3.840894066337715348e-03 1.063680000000000000e+05
3.420000000000000000e+02 2.493039260539895233e-02 3.541173926341401913e-03 1.062400000000000000e+05
3.440000000000000000e+02 3.033668813775047476e-02 4.309097363420095680e-03 1.061120000000000000e+05
3.460000000000000000e+02 2.619404196440544563e-02 3.720665771214424523e-03 1.059840000000000000e+05
3.480000000000000000e+02 2.806836249649843559e-02 3.986898842747227042e-03 1.058560000000000000e+05
3.500000000000000000e+02 2.864898683073437841e-02 4.069372142945090580e-03 1.057280000000000000e+05
3.520000000000000000e+02 2.825921189591724600e-02 4.014007558112321107e-03 1.056000000000000000e+05
3.540000000000000000e+02 2.644434044254233979e-02 3.756218779087607765e-03 1.054720000000000000e+05
3.560000000000000000e+02 2.232012358851940062e-02 3.170404932462464378e-03 1.053440000000000000e+05
3.580000000000000000e+02 1.658920575635990796e-02 2.356371350141211064e-03 1.052160000000000000e+05
3.600000000000000000e+02 6.366688011021380544e-03 9.043399331343391018e-04 1.050880000000000000e+05
3.620000000000000000e+02 1.288184317831132504e-04 1.829768504182163679e-05 1.049600000000000000e+05
3.640000000000000000e+02 -6.925380082307207134e-03 -9.836979210732291461e-04 1.048320000000000000e+05
3.660000000000000000e+02 -1.198815706586732477e-02 -1.702827143497986136e-03 1.047040000000000000e+05
3.680000000000000000e+02 -1.580103699418484650e-02 -2.244417931903960103e-03 1.045760000000000000e+05
3.700000000000000000e+02 -2.055652364369521187e-02 -2.919898883883186025e-03 1.044480000000000000e+05
3.720000000000000000e+02 -2.152428814071298199e-02 -3.057362519451286339e-03 1.043200000000000000e+05
3.740000000000000000e+02 -2.256409526196740886e-02 -3.205059265527113437e-03 1.041920000000000000e+05
3.760000000000000000e+02 -2.897779983041129034e-02 -4.116077545444280124e-03 1.040640000000000000e+05
3.780000000000000000e+02 -3.568190715202607111e-02 -5.068345342524840230e-03 1.039360000000000000e+05
3.800000000000000000e+02 -3.973191322435451478e-02 -5.643618108255291435e-03 1.038080000000000000e+05
3.820000000000000000e+02 -3.613288908635851199e-02 -5.132403919234266622e-03 1.036800000000000000e+05
3.840000000000000000e+02 -3.224293488873511415e-02 -4.579865313151378764e-03 1.035520000000000000e+05
3.860000000000000000e+02 -2.373626955661498408e-02 -3.371557768580559292e-03 1.034240000000000000e+05
3.880000000000000000e+02 -1.734428938172653811e-02 -2.463625274645255860e-03 1.032960000000000000e+05
3.900000000000000000e+02 -1.684860418412400737e-02 -2.393216937110958804e-03 1.031680000000000000e+05
3.920000000000000000e+02 -1.187874750189161187e-02 -1.687286341498772050e-03 1.030400000000000000e+05
3.940000000000000000e+02 -1.205480857986613620e-02 -1.712294487524997424e-03 1.029120000000000000e+05
3.960000000000000000e+02 -9.414807972774184852e-03 -1.337302345871563226e-03 1.027840000000000000e+05
3.980000000000000000e+02 -8.235878710620784734e-03 -1.169844350716106726e-03 1.026560000000000000e+05
4.000000000000000000e+02 4.024105158999355825e-04 5.715937366673652930e-05 1.025280000000000000e+05
4.020000000000000000e+02 8.990189701786714671e-03 1.276988528369011472e-03 1.024000000000000000e+05
4.040000000000000000e+02 1.578585989701146094e-02 2.242262139909881932e-03 1.022720000000000000e+05
4.060000000000000000e+02 2.176594833392201181e-02 3.091688524210678760e-03 1.021440000000000000e+05
4.080000000000000000e+02 2.290874558713100473e-02 3.254014240464415692e-03 1.020160000000000000e+05
4.100000000000000000e+02 2.001393265193416107e-02 2.842827932650919629e-03 1.018880000000000000e+05
4.120000000000000000e+02 1.897360553212222231e-02 2.695057324708464812e-03 1.017600000000000000e+05
4.140000000000000000e+02 1.536673226058402932e-02 2.182728225566130109e-03 1.016320000000000000e+05
4.160000000000000000e+02 1.373133460728619831e-02 1.950432343959996326e-03 1.015040000000000000e+05
4.180000000000000000e+02 1.173455635768923949e-02 1.666805078795023176e-03 1.013760000000000000e+05
4.200000000000000000e+02 7.427330667152318849e-03 1.054996209531806721e-03 1.012480000000000000e+05
4.220000000000000000e+02 4.974702050875062093e-03 7.066188436222566906e-04 1.011200000000000000e+05
4.240000000000000000e+02 2.782215418706962106e-03 3.951926812438763537e-04 1.009920000000000000e+05
4.260000000000000000e+02 6.166487810595700815e-03 8.759030071293226645e-04 1.008640000000000000e+05
4.280000000000000000e+02 3.739034272421304286e-03 5.311015708724869467e-04 1.007360000000000000e+05
4.300000000000000000e+02 2.184851525582752908e-03 3.103416531693672280e-04 1.006080000000000000e+05
4.320000000000000000e+02 2.690796728787627108e-03 3.822073469875465193e-04 1.004800000000000000e+05
4.340000000000000000e+02 -5.081548629901384709e-04 -7.217955929721586901e-05 1.003520000000000000e+05
4.360000000000000000e+02 -2.002871862912128723e-03 -2.844928169005769272e-04 1.002240000000000000e+05
4.380000000000000000e+02 -2.374266842406186351e-03 -3.372466679359449192e-04 1.000960000000000000e+05
4.400000000000000000e+02 -7.769015370312366267e-04 -1.103529940268082021e-04 9.996800000000000000e+04
4.420000000000000000e+02 -2.644847774898546888e-03 -3.756806452211476502e-04 9.984000000000000000e+04
4.440000000000000000e+02 -2.408756308993273854e-03 -3.421456361048283955e-04 9.971200000000000000e+04
4.460000000000000000e+02 -2.810950411594461198e-03 -3.992742698974293021e-04 9.958400000000000000e+04
4.480000000000000000e+02 -1.238517331947072654e-03 -1.759220302957883531e-04 9.945600000000000000e+04
4.500000000000000000e+02 3.632251378268713631e-03 5.159338674777743956e-04 9.932800000000000000e+04
4.520000000000000000e+02 3.158143439164852028e-03 4.485904165020978521e-04 9.920000000000000000e+04
4.540000000000000000e+02 -5.613283642422953320e-04 -7.973245343678276545e-05 9.907200000000000000e+04
4.560000000000000000e+02 -1.471308953128086386e-03 -2.089883213985777673e-04 9.894400000000000000e+04
4.580000000000000000e+02 -5.056608097443806259e-03 -7.182529787564193979e-04 9.881600000000000000e+04
4.600000000000000000e+02 -8.397956820241546600e-04 -1.192866321725718955e-04 9.868800000000000000e+04
4.620000000000000000e+02 4.412626852933500959e-03 6.267803081006462999e-04 9.856000000000000000e+04
4.640000000000000000e+02 6.561180569035329931e-03 9.319661316546660112e-04 9.843200000000000000e+04
4.660000000000000000e+02 4.443190186262817309e-03 6.311215987012771438e-04 9.830400000000000000e+04
4.680000000000000000e+02 3.415141570509747527e-03 4.850950594991728444e-04 9.817600000000000000e+04
4.700000000000000000e+02 3.777254858733367147e-04 5.365305164105707466e-05 9.804800000000000000e+04
4.720000000000000000e+02 -8.270310857225796324e-04 -1.174735177014575273e-04 9.792000000000000000e+04
4.740000000000000000e+02 6.841509704237631710e-04 9.717847674894359688e-05 9.779200000000000000e+04
4.760000000000000000e+02 1.398435357920241578e-03 1.986371777421841597e-04 9.766400000000000000e+04
4.780000000000000000e+02 -4.014720174370748089e-05 -5.702606705022241722e-06 9.753600000000000000e+04
4.800000000000000000e+02 -2.578924305821507675e-03 -3.663167144750659101e-04 9.740800000000000000e+04
4.820000000000000000e+02 -1.608989605597812688e-03 -2.285448179369388411e-04 9.728000000000000000e+04
4.840000000000000000e+02 9.903137688831050150e-04 1.406665892821232179e-04 9.715200000000000000e+04
4.860000000000000000e+02 8.264586631123978580e-03 1.173922093941994578e-03 9.702400000000000000e+04
4.880000000000000000e+02 1.308104016794348762e-02 1.858062931672982854e-03 9.689600000000000000e+04
4.900000000000000000e+02 1.561512668337038806e-02 2.218010776761460568e-03 9.676800000000000000e+04
4.920000000000000000e+02 2.207786667724607674e-02 3.135994168410103592e-03 9.664000000000000000e+04
4.940000000000000000e+02 2.762173326059868747e-02 3.923458533966551857e-03 9.651200000000000000e+04
4.960000000000000000e+02 3.278021310670931054e-02 4.656181625003979682e-03 9.638400000000000000e+04
4.980000000000000000e+02 3.532267140527604876e-02 5.017318618640617678e-03 9.625600000000000000e+04
5.000000000000000000e+02 3.389226155344975122e-02 4.814139705598863457e-03 9.612800000000000000e+04
5.020000000000000000e+02 3.707016505540663975e-02 5.265536889737940790e-03 9.600000000000000000e+04
5.040000000000000000e+02 3.795732472777389732e-02 5.391551218914937896e-03 9.587200000000000000e+04
5.060000000000000000e+02 3.952206254778738159e-02 5.613810405021460274e-03 9.574400000000000000e+04
5.080000000000000000e+02 4.811359146227844885e-02 6.834172180343656144e-03 9.561600000000000000e+04
5.100000000000000000e+02 5.109706139903563704e-02 7.257951545445994260e-03 9.548800000000000000e+04
5.120000000000000000e+02 5.418173227123960350e-02 7.696105738879269360e-03 9.536000000000000000e+04
5.140000000000000000e+02 5.394792400099311658e-02 7.662895040457274112e-03 9.523200000000000000e+04
5.160000000000000000e+02 5.749755823650661013e-02 8.167093766959761594e-03 9.510400000000000000e+04
5.180000000000000000e+02 6.234041832816443474e-02 8.854985456310218023e-03 9.497600000000000000e+04
5.200000000000000000e+02 6.287388549249174619e-02 8.930760436783893169e-03 9.484800000000000000e+04
5.220000000000000000e+02 5.514504494694447145e-02 7.832937026862335159e-03 9.472000000000000000e+04
5.240000000000000000e+02 5.167257764466685888e-02 7.339699280247965335e-03 9.459200000000000000e+04
5.260000000000000000e+02 4.728203583232554880e-02 6.716055985316149272e-03 9.446400000000000000e+04
5.280000000000000000e+02 5.000704415616568504e-02 7.103122830920347193e-03 9.433600000000000000e+04
5.300000000000000000e+02 5.489908862952886520e-02 7.798000790115607733e-03 9.420800000000000000e+04
5.320000000000000000e+02 6.124656691760980293e-02 8.699612127231198463e-03 9.408000000000000000e+04
5.340000000000000000e+02 6.571084162244848759e-02 9.333728622507595288e-03 9.395200000000000000e+04
5.360000000000000000e+02 6.846058719889522304e-02 9.724309207960432286e-03 9.382400000000000000e+04
5.380000000000000000e+02 7.576741044188209373e-02 1.076218824829479857e-02 9.369600000000000000e+04
5.400000000000000000e+02 7.736857858210120786e-02 1.098962208616402481e-02 9.356800000000000000e+04
5.420000000000000000e+02 7.301765565614704023e-02 1.037160635473212932e-02 9.344000000000000000e+04
5.440000000000000000e+02 7.824079483826286430e-02 1.111351381596301265e-02 9.331200000000000000e+04
5.460000000000000000e+02 7.733442914934850199e-02 1.098477141723244038e-02 9.318400000000000000e+04
5.480000000000000000e+02 7.408342109284052346e-02 1.052299028340710450e-02 9.305600000000000000e+04
5.500000000000000000e+02 7.276841176728182647e-02 1.033620314329781499e-02 9.292800000000000000e+04
5.520000000000000000e+02 6.464756843493431326e-02 9.182698699000185413e-03 9.280000000000000000e+04
5.540000000000000000e+02 5.852322482559522976e-02 8.312781957269832836e-03 9.267200000000000000e+04
5.560000000000000000e+02 4.943696328406640278e-02 7.022147149865618464e-03 9.254400000000000000e+04
5.580000000000000000e+02 4.219707348472107739e-02 5.993775499534102248e-03 9.241600000000000000e+04
5.600000000000000000e+02 3.744060138199754861e-02 5.318154571370813793e-03 9.228800000000000000e+04
5.620000000000000000e+02 3.558301522605006317e-02 5.054298491545201714e-03 9.216000000000000000e+04
5.640000000000000000e+02 2.935526387794909139e-02 4.169693461744879669e-03 9.203200000000000000e+04
5.660000000000000000e+02 1.950994923822296084e-02 2.771240896209458109e-03 9.190400000000000000e+04
5.680000000000000000e+02 1.445327943144193196e-02 2.052979152107885664e-03 9.177600000000000000e+04
5.700000000000000000e+02 5.342760570516911708e-03 7.588987757417884434e-04 9.164800000000000000e+04
5.720000000000000000e+02 1.550615199502841093e-03 2.202531745560635666e-04 9.152000000000000000e+04
5.740000000000000000e+02 1.411657449546284502e-03 2.005152759678695555e-04 9.139200000000000000e+04
5.760000000000000000e+02 1.879540538160560893e-03 2.669745339587825802e-04 9.126400000000000000e+04
5.780000000000000000e+02 9.060871510185579403e-03 1.287028345267623693e-03 9.113600000000000000e+04
5.800000000000000000e+02 1.129601057677086413e-02 1.604512963725849770e-03 9.100800000000000000e+04
5.820000000000000000e+02 9.111339427836399538e-03 1.294196931696668662e-03 9.088000000000000000e+04
5.840000000000000000e+02 9.525223750771950881e-03 1.352986072970899538e-03 9.075200000000000000e+04
5.860000000000000000e+02 1.110045459827417244e-02 1.576735714359841145e-03 9.062400000000000000e+04
5.880000000000000000e+02 7.671372377384562055e-03 1.089660490792545167e-03 9.049600000000000000e+04
5.900000000000000000e+02 5.868413954526182329e-03 8.335638677525592085e-04 9.036800000000000000e+04
5.920000000000000000e+02 4.465024638910365315e-03 6.342230177457043767e-04 9.024000000000000000e+04
5.940000000000000000e+02 2.141343371225347316e-03 3.041616485367760439e-04 9.011200000000000000e+04
5.960000000000000000e+02 5.216999735132931901e-03 7.410353991690417017e-04 8.998400000000000000e+04
5.980000000000000000e+02 3.390988438435503776e-03 4.816642895592614711e-04 8.985600000000000000e+04
6.000000000000000000e+02 1.355096455521592313e-03 1.924812140716755768e-04 8.972800000000000000e+04
6.020000000000000000e+02 4.819374443224703868e-03 6.845557304190848019e-04 8.960000000000000000e+04
6.040000000000000000e+02 8.448288501041069723e-03 1.200015556739274713e-03 8.947200000000000000e+04
6.060000000000000000e+02 7.931316562578033524e-03 1.126583598482066217e-03 8.934400000000000000e+04
6.080000000000000000e+02 1.041743920760029168e-02 1.479718538135330226e-03 8.921600000000000000e+04
6.100000000000000000e+02 1.335197926176313801e-03 1.896547783068902474e-04 8.908800000000000000e+04
6.120000000000000000e+02 -2.588167089487965807e-03 -3.676295820678284658e-04 8.896000000000000000e+04
6.140000000000000000e+02 -3.103718484775737883e-03 -4.408597628988604467e-04 8.883200000000000000e+04
6.160000000000000000e+02 -8.331186235954362793e-03 -1.183382064663792300e-03 8.870400000000000000e+04
6.180000000000000000e+02 -1.090305160604067986e-02 -1.548696110646274491e-03 8.857600000000000000e+04
6.200000000000000000e+02 -9.240960523786600350e-03 -1.312608629119486154e-03 8.844800000000000000e+04
6.220000000000000000e+02 -2.832811425827851028e-03 -4.023794618144588709e-04 8.832000000000000000e+04
6.240000000000000000e+02 4.416750514897127208e-03 6.273660431292826670e-04 8.819200000000000000e+04
6.260000000000000000e+02 1.661191997189638211e-02 2.359597732857608536e-03 8.806400000000000000e+04
6.280000000000000000e+02 2.260824214895371456e-02 3.211329997304165212e-03 8.793600000000000000e+04
6.300000000000000000e+02 2.666438479733228978e-02 3.787474417302147574e-03 8.780800000000000000e+04
6.320000000000000000e+02 2.738851849573274710e-02 3.890332138500069738e-03 8.768000000000000000e+04
6.340000000000000000e+02 3.062462341638984287e-02 4.349996394467475248e-03 8.755200000000000000e+04
6.360000000000000000e+02 2.633782656841867839e-02 3.741089287955621547e-03 8.742400000000000000e+04
6.380000000000000000e+02 1.917259163227681348e-02 2.723321796942215246e-03 8.729600000000000000e+04
6.400000000000000000e+02 1.794365636538693132e-02 2.548760826597551866e-03 8.716800000000000000e+04
6.420000000000000000e+02 2.229578495377727149e-02 3.166947813270008880e-03 8.704000000000000000e+04
6.440000000000000000e+02 2.980642385324822410e-02 4.233777327828566577e-03 8.691200000000000000e+04
6.460000000000000000e+02 3.631758776456310567e-02 5.158638971118133937e-03 8.678400000000000000e+04
6.480000000000000000e+02 4.387199534200462298e-02 6.231685495720337004e-03 8.665600000000000000e+04
6.500000000000000000e+02 4.967546698032788283e-02 7.056024798080203636e-03 8.652800000000000000e+04
6.520000000000000000e+02 4.733089839332853960e-02 6.722996542961462429e-03 8.640000000000000000e+04
6.540000000000000000e+02 4.911882866570452949e-02 6.976958530759569226e-03 8.627200000000000000e+04
6.560000000000000000e+02 5.091513969729830752e-02 7.232110942089896473e-03 8.614400000000000000e+04
6.580000000000000000e+02 4.497469138048812431e-02 6.388315137377568835e-03 8.601600000000000000e+04
6.600000000000000000e+02 4.004385415142704130e-02 5.687926960305570573e-03 8.588800000000000000e+04
6.620000000000000000e+02 3.772614230709347982e-02 5.358713502586126554e-03 8.576000000000000000e+04
6.640000000000000000e+02 3.538466293458832068e-02 5.026124047047994710e-03 8.563200000000000000e+04
6.660000000000000000e+02 3.153676325688951204e-02 4.479558967808383585e-03 8.550400000000000000e+04
6.680000000000000000e+02 2.719561061832240223e-02 3.862931031887595432e-03 8.537600000000000000e+04
6.700000000000000000e+02 2.456641173994264515e-02 3.489473194193207402e-03 8.524800000000000000e+04
6.720000000000000000e+02 2.546760493532153335e-02 3.617480879294039230e-03 8.512000000000000000e+04
6.740000000000000000e+02 2.613782031010795925e-02 3.712679909962848107e-03 8.499200000000000000e+04
6.760000000000000000e+02 2.120741627692261308e-02 3.012353265092305478e-03 8.486400000000000000e+04
6.780000000000000000e+02 1.099542754714023275e-02 1.561817415200946607e-03 8.473600000000000000e+04
6.800000000000000000e+02 5.413116098497681300e-03 7.688922469719820059e-04 8.460800000000000000e+04
6.820000000000000000e+02 5.129505711487534168e-03 7.286075341069935896e-04 8.448000000000000000e+04
6.840000000000000000e+02 3.191492469464168695e-03 4.533273943120315450e-04 8.435200000000000000e+04
6.860000000000000000e+02 6.995164992367057348e-03 9.936103403386403222e-04 8.422400000000000000e+04
6.880000000000000000e+02 9.287285105563878110e-03 1.319188685989622963e-03 8.409600000000000000e+04
6.900000000000000000e+02 1.506778463011008290e-02 2.140264973136378132e-03 8.396800000000000000e+04
6.920000000000000000e+02 2.009831845808246822e-02 2.854814298899358612e-03 8.384000000000000000e+04
6.940000000000000000e+02 2.147939491161706890e-02 3.050985775416004391e-03 8.371200000000000000e+04
6.960000000000000000e+02 2.879811176820119487e-02 4.090554213708404857e-03 8.358400000000000000e+04
6.980000000000000000e+02 3.396960642108508982e-02 4.825125959724170348e-03 8.345600000000000000e+04
7.000000000000000000e+02 4.061128629959637193e-02 5.768526410136536227e-03 8.332800000000000000e+04
7.020000000000000000e+02 4.829910776046299203e-02 6.860523368968748231e-03 8.320000000000000000e+04
7.040000000000000000e+02 5.201435642095318668e-02 7.388246373361127828e-03 8.307200000000000000e+04
7.060000000000000000e+02 5.326970736281756019e-02 7.566559490771703270e-03 8.294400000000000000e+04
7.080000000000000000e+02 5.492437984784866167e-02 7.801593216608725644e-03 8.281600000000000000e+04
7.100000000000000000e+02 5.366444651306857133e-02 7.622629204903374339e-03 8.268800000000000000e+04
7.120000000000000000e+02 5.396581386454895463e-02 7.665436160421667568e-03 8.256000000000000000e+04
7.140000000000000000e+02 5.019045544035399126e-02 7.129175018210159691e-03 8.243200000000000000e+04
7.160000000000000000e+02 4.185448927345410824e-02 5.945114000466811092e-03 8.230400000000000000e+04
7.180000000000000000e+02 3.314872365853265695e-02 4.708525764879896262e-03 8.217600000000000000e+04
7.200000000000000000e+02 3.081282485816720998e-02 4.376728987454299620e-03 8.204800000000000000e+04
7.220000000000000000e+02 3.037231852075797378e-02 4.314158390147143120e-03 8.192000000000000000e+04
7.240000000000000000e+02 2.907323850335430393e-02 4.129633887919096497e-03 8.179200000000000000e+04
7.260000000000000000e+02 3.007724836296840273e-02 4.272245903418812017e-03 8.166400000000000000e+04
7.280000000000000000e+02 2.900213424147442959e-02 4.119534064695043810e-03 8.153600000000000000e+04
7.300000000000000000e+02 2.853415580785359507e-02 4.053061263666258261e-03 8.140800000000000000e+04
7.320000000000000000e+02 2.565946720804778911e-02 3.644733465660436253e-03 8.128000000000000000e+04
7.340000000000000000e+02 2.527129478567273838e-02 3.589596505613459974e-03 8.115200000000000000e+04
7.360000000000000000e+02 2.862303786307107689e-02 4.065686288126869365e-03 8.102400000000000000e+04
7.380000000000000000e+02 3.412286441613640586e-02 4.846895100093085232e-03 8.089600000000000000e+04
7.400000000000000000e+02 3.608002154185416255e-02 5.124894483939294518e-03 8.076800000000000000e+04
7.420000000000000000e+02 3.683504929309945608e-02 5.232140471946518899e-03 8.064000000000000000e+04
7.440000000000000000e+02 3.219032563327237778e-02 4.572392565863454827e-03 8.051200000000000000e+04
7.460000000000000000e+02 3.546034484989271651e-02 5.036874091357905828e-03 8.038400000000000000e+04
7.480000000000000000e+02 4.114228077734145839e-02 5.843950164161771516e-03 8.025600000000000000e+04
7.500000000000000000e+02 4.567870285145024523e-02 6.488314648186573226e-03 8.012800000000000000e+04
7.520000000000000000e+02 4.788346558610490772e-02 6.801484538180101180e-03 8.000000000000000000e+04
7.540000000000000000e+02 5.364889544619691475e-02 7.620420293338909731e-03 7.987200000000000000e+04
7.560000000000000000e+02 6.114812651263810961e-02 8.685629411399086938e-03 7.974400000000000000e+04
7.580000000000000000e+02 6.997065625863391203e-02 9.938803109679551426e-03 7.961600000000000000e+04
7.600000000000000000e+02 7.885827952565822863e-02 1.120122285085586866e-02 7.948800000000000000e+04
7.620000000000000000e+02 8.386817668202677101e-02 1.191284089332272575e-02 7.936000000000000000e+04
7.640000000000000000e+02 8.270112976944983540e-02 1.174707069615624905e-02 7.923200000000000000e+04
7.660000000000000000e+02 8.240666067881020906e-02 1.170524358647564642e-02 7.910400000000000000e+04
7.680000000000000000e+02 7.367448097467953205e-02 1.046490342906879548e-02 7.897600000000000000e+04
7.700000000000000000e+02 6.975740108152052310e-02 9.908511822863326143e-03 7.884800000000000000e+04
7.720000000000000000e+02 6.937581976015753937e-02 9.854311078920895139e-03 7.872000000000000000e+04
7.740000000000000000e+02 6.604859401901436167e-02 9.381703798799821345e-03 7.859200000000000000e+04
7.760000000000000000e+02 5.911363675261378792e-02 8.396645511079502827e-03 7.846400000000000000e+04
7.780000000000000000e+02 5.430587475089893035e-02 7.713739240247626319e-03 7.833600000000000000e+04
7.800000000000000000e+02 4.980577116600640869e-02 7.074533523238346784e-03 7.820800000000000000e+04
7.820000000000000000e+02 5.306267607836629568e-02 7.537152260888086396e-03 7.808000000000000000e+04
7.840000000000000000e+02 4.881634985543278904e-02 6.933993700916773681e-03 7.795200000000000000e+04
7.860000000000000000e+02 5.344694788638350291e-02 7.591735168133755679e-03 7.782400000000000000e+04
7.880000000000000000e+02 5.526910366616138298e-02 7.850558630692637541e-03 7.769600000000000000e+04
7.900000000000000000e+02 5.731706283607986008e-02 8.141455758929461509e-03 7.756800000000000000e+04
7.920000000000000000e+02 6.337777610404611572e-02 9.002334291380075307e-03 7.744000000000000000e+04
7.940000000000000000e+02 6.230980166298093204e-02 8.850636590322610506e-03 7.731200000000000000e+04
7.960000000000000000e+02 5.994544015053034081e-02 8.514796899674418121e-03 7.718400000000000000e+04
7.980000000000000000e+02 5.527304204093119039e-02 7.851118047075193382e-03 7.705600000000000000e+04
8.000000000000000000e+02 5.205904200110964691e-02 7.394593622433299866e-03 7.692800000000000000e+04
8.020000000000000000e+02 5.037993550446154267e-02 7.156089229839296059e-03 7.680000000000000000e+04
8.040000000000000000e+02 5.157204583390991026e-02 7.325419496024138111e-03 7.667200000000000000e+04
8.060000000000000000e+02 5.371146382772965661e-02 7.629307659246221951e-03 7.654400000000000000e+04
8.080000000000000000e+02 5.595085549520897872e-02 7.947396327534045693e-03 7.641600000000000000e+04
8.100000000000000000e+02 5.578809952072825290e-02 7.924278070942186031e-03 7.628800000000000000e+04
8.120000000000000000e+02 5.859817214819290632e-02 8.323427658235429266e-03 7.616000000000000000e+04
8.140000000000000000e+02 5.895721739745023171e-02 8.374427323389978250e-03 7.603200000000000000e+04
8.160000000000000000e+02 5.432900570092906445e-02 7.717024816950517063e-03 7.590400000000000000e+04
8.180000000000000000e+02 5.161856130997865416e-02 7.332026667986215988e-03 7.577600000000000000e+04
8.200000000000000000e+02 5.022896685665831362e-02 7.134645273951491923e-03 7.564800000000000000e+04
8.220000000000000000e+02 4.950691508886522624e-02 7.032083275267849917e-03 7.552000000000000000e+04
8.240000000000000000e+02 4.812937673462922700e-02 6.836414359027062279e-03 7.539200000000000000e+04
8.260000000000000000e+02 5.006288078046015194e-02 7.111054001568805315e-03 7.526400000000000000e+04
8.280000000000000000e+02 5.496325209675301249e-02 7.807114725894886281e-03 7.513600000000000000e+04
8.300000000000000000e+02 5.522339330103077232e-02 7.844065818656898240e-03 7.500800000000000000e+04
8.320000000000000000e+02 4.946415915053924139e-02 7.026010117239706726e-03 7.488000000000000000e+04
8.340000000000000000e+02 5.192061454252272501e-02 7.374931047727935687e-03 7.475200000000000000e+04
8.360000000000000000e+02 4.546413657170681605e-02 6.457837129146822702e-03 7.462400000000000000e+04
8.380000000000000000e+02 4.992299690036847842e-02 7.091184553191613553e-03 7.449600000000000000e+04
8.400000000000000000e+02 5.343960895229175889e-02 7.590692727989944814e-03 7.436800000000000000e+04
8.420000000000000000e+02 6.061150878022818211e-02 8.609406916531078466e-03 7.424000000000000000e+04
8.440000000000000000e+02 5.987787985593337470e-02 8.505200470229063239e-03 7.411200000000000000e+04
8.460000000000000000e+02 6.055395219610763824e-02 8.601231438583217467e-03 7.398400000000000000e+04
8.480000000000000000e+02 5.645195180246678074e-02 8.018573272315213107e-03 7.385600000000000000e+04
8.500000000000000000e+02 5.267301847908419793e-02 7.481804342681626883e-03 7.372800000000000000e+04
8.520000000000000000e+02 5.939871157985959077e-02 8.437138236616464546e-03 7.360000000000000000e+04
8.540000000000000000e+02 6.070411197269439535e-02 8.622560500425553026e-03 7.347200000000000000e+04
8.560000000000000000e+02 6.244626657276614728e-02 8.870020399797286584e-03 7.334400000000000000e+04
8.580000000000000000e+02 5.831476220675944899e-02 8.283171417150288901e-03 7.321600000000000000e+04
8.600000000000000000e+02 5.659415359054892347e-02 8.038771962011199979e-03 7.308800000000000000e+04
8.620000000000000000e+02 5.316060983063917306e-02 7.551063010531972215e-03 7.296000000000000000e+04
8.640000000000000000e+02 4.945185934854531840e-02 7.024263023288583076e-03 7.283200000000000000e+04
8.660000000000000000e+02 4.979215268246111464e-02 7.072599120535179654e-03 7.270400000000000000e+04
8.680000000000000000e+02 4.490331213024823659e-02 6.378176254134448019e-03 7.257600000000000000e+04
8.700000000000000000e+02 3.522991488821211603e-02 5.004143256145367029e-03 7.244800000000000000e+04
8.720000000000000000e+02 3.340649946048191571e-02 4.745140870111201961e-03 7.232000000000000000e+04
8.740000000000000000e+02 3.082343124460098019e-02 4.378235544518460989e-03 7.219200000000000000e+04
8.760000000000000000e+02 3.251302333000214567e-02 4.618229335778678904e-03 7.206400000000000000e+04
8.780000000000000000e+02 3.417634602885736422e-02 4.854491759139085635e-03 7.193600000000000000e+04
8.800000000000000000e+02 4.064585579656714021e-02 5.773436746016810672e-03 7.180800000000000000e+04
8.820000000000000000e+02 4.830132931383447625e-02 6.860838923841854758e-03 7.168000000000000000e+04
8.840000000000000000e+02 5.549825957492583034e-02 7.883108496313606314e-03 7.155200000000000000e+04
8.860000000000000000e+02 6.262832433485339412e-02 8.895880329498185787e-03 7.142400000000000000e+04
8.880000000000000000e+02 7.319174783171031318e-02 1.039633483304543138e-02 7.129600000000000000e+04
8.900000000000000000e+02 8.131244096900652751e-02 1.154981794327071196e-02 7.116800000000000000e+04
8.920000000000000000e+02 8.244766715147436309e-02 1.171106824612332814e-02 7.104000000000000000e+04
8.940000000000000000e+02 8.454545637876813291e-02 1.200904335755594195e-02 7.091200000000000000e+04
8.960000000000000000e+02 8.010985761439959330e-02 1.137900006298333926e-02 7.078400000000000000e+04
8.980000000000000000e+02 7.691494981953050925e-02 1.092518754749951908e-02 7.065600000000000000e+04
9.000000000000000000e+02 7.071024522655172673e-02 1.004385613515148754e-02 7.052800000000000000e+04
9.020000000000000000e+02 7.038984059193786891e-02 9.998345077386281907e-03 7.040000000000000000e+04
9.040000000000000000e+02 7.062767019654186962e-02 1.003212697597352654e-02 7.027200000000000000e+04
9.060000000000000000e+02 6.202137815449904751e-02 8.809668209914562828e-03 7.014400000000000000e+04
9.080000000000000000e+02 5.220440434750114184e-02 7.415241245559856670e-03 7.001600000000000000e+04
9.100000000000000000e+02 4.904114801748733765e-02 6.965924581539353205e-03 6.988800000000000000e+04
9.120000000000000000e+02 4.774273558796159056e-02 6.781494905125895999e-03 6.976000000000000000e+04
9.140000000000000000e+02 5.399305458929432727e-02 7.669305499574475930e-03 6.963200000000000000e+04
9.160000000000000000e+02 5.229902744142295168e-02 7.428681741196218463e-03 6.950400000000000000e+04
9.180000000000000000e+02 5.297920393060515099e-02 7.525295672911069302e-03 6.937600000000000000e+04
9.200000000000000000e+02 5.370574562861982898e-02 7.628495432262321317e-03 6.924800000000000000e+04
9.220000000000000000e+02 5.101272193207425504e-02 7.245971761328975913e-03 6.912000000000000000e+04
9.240000000000000000e+02 4.179312050428538733e-02 5.936397030433018460e-03 6.899200000000000000e+04
9.260000000000000000e+02 3.496450916301029055e-02 4.966444377958310896e-03 6.886400000000000000e+04
9.280000000000000000e+02 2.938419835406765740e-02 4.173803385484356476e-03 6.873600000000000000e+04
9.300000000000000000e+02 2.319799368664400563e-02 3.295099747798842064e-03 6.860800000000000000e+04
9.320000000000000000e+02 1.924553774877268975e-02 2.733683241699692151e-03 6.848000000000000000e+04
9.340000000000000000e+02 1.091343844212218361e-02 1.550171482241547187e-03 6.835200000000000000e+04
9.360000000000000000e+02 1.099309523566076698e-03 1.561486127975353409e-04 6.822400000000000000e+04
9.380000000000000000e+02 -6.236204174496242508e-03 -8.858056899306541998e-04 6.809600000000000000e+04
9.400000000000000000e+02 -5.818900853351125987e-03 -8.265309057904823495e-04 6.796800000000000000e+04
9.420000000000000000e+02 -6.729415203094249627e-03 -9.558625904496236871e-04 6.784000000000000000e+04
9.440000000000000000e+02 -1.419714322396260081e-02 -2.016596938884282226e-03 6.771200000000000000e+04
9.460000000000000000e+02 -1.872253313607515415e-02 -2.659394387642908912e-03 6.758400000000000000e+04
9.480000000000000000e+02 -1.934577063716281728e-02 -2.747920566259600891e-03 6.745600000000000000e+04
9.500000000000000000e+02 -1.519399975736345464e-02 -2.158192878437103623e-03 6.732800000000000000e+04
9.520000000000000000e+02 -1.331204868727007759e-02 -1.890875946628266637e-03 6.720000000000000000e+04
9.540000000000000000e+02 -1.097619966390448072e-02 -1.559086239649445796e-03 6.707200000000000000e+04
9.560000000000000000e+02 -1.807816025174777477e-02 -2.567866087509867220e-03 6.694400000000000000e+04
9.580000000000000000e+02 -2.526818010092916553e-02 -3.589154088176346648e-03 6.681600000000000000e+04
9.600000000000000000e+02 -2.360573545638438089e-02 -3.353016385797243440e-03 6.668800000000000000e+04
9.620000000000000000e+02 -2.210903246705383726e-02 -3.140421033402080592e-03 6.656000000000000000e+04
9.640000000000000000e+02 -2.748616085446474455e-02 -3.904201497892883545e-03 6.643200000000000000e+04
9.660000000000000000e+02 -2.551368877873441687e-02 -3.624026741098235541e-03 6.630400000000000000e+04
9.680000000000000000e+02 -2.736926906318611422e-02 -3.887597902031758330e-03 6.617600000000000000e+04
9.700000000000000000e+02 -3.043340582124673399e-02 -4.322835379681377183e-03 6.604800000000000000e+04
9.720000000000000000e+02 -2.881053508739057217e-02 -4.092318852344000238e-03 6.592000000000000000e+04
9.740000000000000000e+02 -3.198828278935555991e-02 -4.543693906271260852e-03 6.579200000000000000e+04
9.760000000000000000e+02 -3.018003028621130818e-02 -4.286845299122198430e-03 6.566400000000000000e+04
9.780000000000000000e+02 -2.769714512187965855e-02 -3.934170219142630112e-03 6.553600000000000000e+04
9.800000000000000000e+02 -1.697632077459848565e-02 -2.411358113919041032e-03 6.540800000000000000e+04
9.820000000000000000e+02 -1.078699745735390951e-02 -1.532211495587130264e-03 6.528000000000000000e+04
9.840000000000000000e+02 -5.072825308074145612e-03 -7.205565110092451361e-04 6.515200000000000000e+04
9.860000000000000000e+02 4.175029874403194188e-03 5.930314522897349016e-04 6.502400000000000000e+04
9.880000000000000000e+02 1.032058435482876430e-02 1.465961038014779042e-03 6.489600000000000000e+04
9.900000000000000000e+02 1.675047002268744908e-02 2.379277720859416384e-03 6.476800000000000000e+04
9.920000000000000000e+02 2.083934672421583825e-02 2.960071765809253134e-03 6.464000000000000000e+04
9.940000000000000000e+02 2.689605399294186378e-02 3.820381276332175322e-03 6.451200000000000000e+04
9.960000000000000000e+02 2.887663237894817422e-02 4.101707473260257815e-03 6.438400000000000000e+04
9.980000000000000000e+02 3.565373837984713717e-02 5.064344181245275002e-03 6.425600000000000000e+04
1.000000000000000000e+03 3.968181883197680060e-02 5.636502578269394874e-03 6.412800000000000000e+04
