# Time-averaged data for fix FMSD
# TimeStep c_CMSD[1] c_CMSD[2] c_CMSD[3] c_CMSD[4]
0 7.02425e-30 9.86847e-31 3.8301e-29 4.63121e-29
100 0.0607936 0.0644405 0.069016 0.19425
200 0.132285 0.130417 0.138134 0.400836
300 0.205303 0.192031 0.199772 0.597106
400 0.275317 0.254345 0.267468 0.79713
500 0.346372 0.311037 0.332498 0.989907
600 0.41472 0.370464 0.397166 1.18235
700 0.484165 0.445364 0.459428 1.38896
800 0.541517 0.518756 0.52965 1.58992
900 0.605284 0.576927 0.583144 1.76535
1000 0.682761 0.62705 0.641617 1.95143
1100 0.75886 0.683009 0.727165 2.16903
1200 0.836805 0.746101 0.807574 2.39048
1300 0.910335 0.812604 0.869807 2.59275
1400 0.965916 0.881329 0.935583 2.78283
1500 1.03024 0.953554 0.993657 2.97745
1600 1.07599 1.02175 1.0483 3.14604
1700 1.16364 1.0959 1.11952 3.37906
1800 1.22134 1.16347 1.1671 3.55191
1900 1.27472 1.23727 1.21662 3.72861
2000 1.32648 1.33169 1.28809 3.94625
2100 1.3908 1.3838 1.34812 4.12273
2200 1.48301 1.44795 1.42395 4.35491
2300 1.53628 1.53196 1.48926 4.5575
2400 1.57367 1.58368 1.57263 4.72998
2500 1.61424 1.66433 1.65011 4.92869
2600 1.66512 1.73187 1.68745 5.08445
2700 1.7052 1.82332 1.7736 5.30212
2800 1.75794 1.90766 1.83827 5.50387
2900 1.80804 1.98024 1.9087 5.69698
3000 1.87245 2.05937 1.96009 5.89191
3100 1.93614 2.11595 2.01729 6.06938
3200 1.99586 2.19126 2.07108 6.2582
3300 2.06969 2.27727 2.14203 6.48899
3400 2.15074 2.31225 2.21987 6.68286
3500 2.23121 2.37247 2.27418 6.87785
3600 2.27417 2.45785 2.31773 7.04975
3700 2.33735 2.54799 2.38277 7.26811
3800 2.41291 2.61567 2.45957 7.48815
3900 2.48845 2.69858 2.50856 7.69558
4000 2.54055 2.74523 2.55249 7.83827
4100 2.59813 2.80901 2.63104 8.03818
4200 2.6808 2.83791 2.69239 8.2111
4300 2.72656 2.91582 2.73288 8.37526
4400 2.79892 2.97182 2.76422 8.53497
4500 2.86581 3.01611 2.83922 8.72114
4600 2.94178 3.09255 2.92792 8.96225
4700 3.05076 3.15668 3.01058 9.21802
4800 3.12229 3.20885 3.12579 9.45692
4900 3.2014 3.30385 3.22141 9.72666
5000 3.3019 3.35901 3.32201 9.98291
5100 3.35848 3.45199 3.38597 10.1964
5200 3.42679 3.49572 3.44845 10.371
5300 3.4745 3.62608 3.50657 10.6071
5400 3.54045 3.72886 3.57415 10.8435
5500 3.61383 3.831 3.6216 11.0664
5600 3.68029 3.8624 3.67778 11.2205
5700 3.76005 3.87955 3.76629 11.4059
5800 3.83213 3.99905 3.83971 11.6709
5900 3.92421 4.05369 3.94398 11.9219
6000 4.01098 4.14767 4.04119 12.1998
6100 4.05565 4.19979 4.10055 12.356
6200 4.16168 4.25067 4.16782 12.5802
6300 4.2712 4.30942 4.2473 12.8279
6400 4.30681 4.37028 4.3496 13.0267
6500 4.33887 4.45778 4.45152 13.2482
6600 4.37995 4.54774 4.52976 13.4574
6700 4.41549 4.67658 4.60513 13.6972
6800 4.42275 4.82145 4.67949 13.9237
6900 4.46859 4.86646 4.72863 14.0637
7000 4.53835 4.96773 4.80808 14.3142
7100 4.5527 5.05326 4.84751 14.4535
7200 4.6292 5.17055 4.96689 14.7666
7300 4.69241 5.259 5.00994 14.9614
7400 4.71912 5.3192 5.01205 15.0504
7500 4.76323 5.38123 5.09432 15.2388
7600 4.82922 5.42215 5.17272 15.4241
7700 4.89067 5.47762 5.22386 15.5922
7800 4.93931 5.53062 5.32582 15.7958
7900 4.97125 5.58527 5.41783 15.9743
8000 5.02592 5.63631 5.55722 16.2194
8100 5.1079 5.60617 5.62189 16.336
8200 5.16444 5.6311 5.71102 16.5066
8300 5.2641 5.69545 5.82137 16.7809
8400 5.38395 5.76036 5.89941 17.0437
8500 5.47354 5.82022 5.98922 17.283
8600 5.54567 5.85655 6.01193 17.4142
8700 5.56356 5.92875 6.03963 17.5319
8800 5.60356 5.93481 6.11428 17.6527
8900 5.65112 6.00741 6.14692 17.8054
9000 5.72043 6.02949 6.2096 17.9595
9100 5.81509 6.11489 6.30494 18.2349
9200 5.89945 6.17685 6.3946 18.4709
9300 5.92283 6.25433 6.47743 18.6546
9400 5.94558 6.27706 6.5578 18.7804
9500 6.02733 6.34191 6.61168 18.9809
9600 6.1262 6.46002 6.65869 19.2449
9700 6.19689 6.47347 6.74277 19.4131
9800 6.25055 6.55379 6.78239 19.5867
9900 6.2856 6.60661 6.86822 19.7604
10000 6.35798 6.69155 6.94209 19.9916
10100 6.44464 6.77739 6.93311 20.1551
10200 6.52337 6.83 6.97994 20.3333
10300 6.63834 6.99253 7.04937 20.6802
10400 6.73373 7.09602 7.05598 20.8857
10500 6.88335 7.15046 7.09223 21.126
10600 6.93969 7.25693 7.1381 21.3347
10700 7.0134 7.35581 7.18668 21.5559
10800 7.05198 7.40894 7.22309 21.684
10900 7.11827 7.46864 7.31877 21.9057
11000 7.17425 7.58185 7.39885 22.1549
11100 7.279 7.63664 7.48771 22.4033
11200 7.34062 7.66032 7.55764 22.5586
11300 7.40746 7.65567 7.65584 22.719
11400 7.50002 7.72505 7.76207 22.9871
11500 7.63374 7.81272 7.80473 23.2512
11600 7.74247 7.93207 7.84501 23.5195
11700 7.86111 8.06117 7.92524 23.8475
11800 7.99696 8.13329 7.98483 24.1151
11900 8.05914 8.23071 8.06505 24.3549
12000 8.13841 8.26956 8.17033 24.5783
12100 8.25277 8.37519 8.24745 24.8754
12200 8.33816 8.43653 8.29858 25.0733
12300 8.4203 8.56458 8.47835 25.4632
12400 8.48372 8.68678 8.59513 25.7656
12500 8.57242 8.81422 8.73633 26.123
12600 8.67921 8.92811 8.79623 26.4036
12700 8.68337 8.96589 8.89607 26.5453
12800 8.6978 9.09302 9.02761 26.8184
12900 8.72773 9.16532 9.14362 27.0367
13000 8.73597 9.22793 9.20987 27.1738
13100 8.77481 9.23735 9.23351 27.2457
13200 8.85404 9.29073 9.3375 27.4823
13300 8.91799 9.34376 9.46943 27.7312
13400 8.97243 9.39011 9.51213 27.8747
13500 9.06705 9.44005 9.59376 28.1009
13600 9.08398 9.49692 9.59623 28.1771
13700 9.13929 9.58955 9.67054 28.3994
13800 9.17469 9.58852 9.73519 28.4984
13900 9.22332 9.6703 9.81084 28.7045
14000 9.3059 9.73579 9.82152 28.8632
14100 9.32099 9.88527 9.87101 29.0773
14200 9.36601 9.96741 9.88709 29.2205
14300 9.36095 10.0637 9.90975 29.3344
14400 9.51377 10.1168 9.94188 29.5725
14500 9.56665 10.1756 9.95224 29.6945
14600 9.59892 10.2218 10.032 29.8527
14700 9.64837 10.2865 10.1363 30.0711
14800 9.68498 10.4069 10.1951 30.2869
14900 9.73164 10.4891 10.2378 30.4586
15000 9.73972 10.5167 10.3307 30.5871
15100 9.79455 10.5903 10.3997 30.7845
15200 9.87869 10.6259 10.4599 30.9644
15300 9.93566 10.6767 10.5567 31.169
15400 9.93624 10.7211 10.6226 31.2799
15500 9.96446 10.8454 10.671 31.4808
15600 9.99986 10.9911 10.7825 31.7735
15700 10.0321 11.0529 10.8972 31.9822
15800 10.0139 11.1489 10.9353 32.0981
15900 10.0729 11.2635 11.0183 32.3547
16000 10.0993 11.3447 11.0609 32.5049
16100 10.2188 11.4493 11.1767 32.8448
16200 10.2572 11.5962 11.2245 33.0778
16300 10.3357 11.6618 11.3101 33.3076
16400 10.4288 11.7277 11.365 33.5215
16500 10.4815 11.8381 11.4069 33.7265
16600 10.5527 11.9532 11.4603 33.9662
16700 10.6221 12.1316 11.556 34.3098
16800 10.7112 12.1905 11.6559 34.5577
16900 10.7455 12.2623 11.6602 34.668
17000 10.8086 12.3544 11.7452 34.9083
17100 10.9083 12.467 11.8129 35.1882
17200 11.0009 12.5908 11.8078 35.3996
17300 10.9971 12.6278 11.8148 35.4397
17400 11.1057 12.6908 11.8276 35.6241
17500 11.0992 12.8352 11.8941 35.8286
17600 11.2157 12.9815 11.9375 36.1346
17700 11.2128 13.0628 12.0436 36.3192
17800 11.3669 13.1513 12.1036 36.6218
17900 11.4008 13.2754 12.1597 36.8359
18000 11.5045 13.4013 12.2177 37.1235
18100 11.5765 13.498 12.3013 37.3758
18200 11.6642 13.5767 12.3678 37.6088
18300 11.7543 13.6653 12.4475 37.8671
18400 11.8763 13.6274 12.5598 38.0635
18500 11.936 13.6478 12.585 38.1688
18600 12.0063 13.7455 12.5841 38.3359
18700 12.0781 13.8366 12.654 38.5687
18800 12.2023 13.8827 12.7728 38.8578
18900 12.3022 13.9445 12.8489 39.0956
19000 12.345 14.0059 12.9115 39.2625
19100 12.4494 14.0568 13.0102 39.5164
19200 12.5024 14.0689 13.0593 39.6306
19300 12.5724 14.091 13.1305 39.7939
19400 12.5885 14.1525 13.1872 39.9282
19500 12.6781 14.2277 13.2105 40.1164
19600 12.6982 14.3696 13.2875 40.3553
19700 12.7374 14.3961 13.3176 40.4511
19800 12.891 14.388 13.3191 40.598
19900 12.9263 14.4009 13.4265 40.7537
20000 12.9324 14.4968 13.4972 40.9264
20100 13.0597 14.51 13.639 41.2088
20200 13.1694 14.5579 13.7326 41.4598
20300 13.186 14.6412 13.7831 41.6103
20400 13.2103 14.7135 13.9174 41.8412
20500 13.2541 14.7833 14.0223 42.0597
20600 13.2716 14.7872 14.0947 42.1535
20700 13.3053 14.8751 14.1943 42.3747
20800 13.3827 14.9826 14.3729 42.7382
20900 13.4821 15.0896 14.4452 43.0169
21000 13.6027 15.1871 14.5267 43.3165
21100 13.6004 15.3322 14.625 43.5576
21200 13.6973 15.4511 14.7837 43.9321
21300 13.7569 15.5194 14.8916 44.1679
21400 13.8374 15.6562 15.0138 44.5074
21500 13.8692 15.6428 15.046 44.558
21600 13.9452 15.8077 15.0891 44.8419
21700 14.0014 15.9667 15.0497 45.0178
21800 14.0389 16.0643 15.1289 45.2321
21900 14.0592 16.0825 15.1605 45.3023
22000 14.1581 16.1463 15.1783 45.4827
22100 14.2339 16.2091 15.2857 45.7287
22200 14.3012 16.231 15.3089 45.8411
22300 14.4592 16.2718 15.3671 46.0981
22400 14.5612 16.2666 15.4371 46.265
22500 14.5965 16.3218 15.532 46.4504
22600 14.6666 16.4389 15.5914 46.697
22700 14.7455 16.4409 15.6787 46.8651
22800 14.9254 16.5593 15.7175 47.2022
22900 15.0926 16.6577 15.7943 47.5445
23000 15.1233 16.7168 15.9118 47.7519
23100 15.244 16.8075 15.944 47.9955
23200 15.3273 16.8044 15.9717 48.1034
23300 15.3908 16.7689 15.9746 48.1342
23400 15.4888 16.7581 16.0392 48.2861
23500 15.5704 16.8366 16.1025 48.5095
23600 15.6875 16.8515 16.1002 48.6392
23700 15.8001 16.8949 16.2331 48.9282
23800 15.8211 16.9907 16.3693 49.1811
23900 15.9096 17.0237 16.3842 49.3175
24000 15.9662 17.1132 16.4541 49.5335
24100 16.0542 17.1726 16.4698 49.6966
24200 16.1953 17.1792 16.5666 49.9411
24300 16.3064 17.2498 16.6383 50.1945
24400 16.3385 17.2652 16.786 50.3897
24500 16.3741 17.3572 16.7453 50.4765
24600 16.4509 17.4358 16.8273 50.714
24700 16.5443 17.5823 16.843 50.9696
24800 16.6287 17.6343 16.8777 51.1408
24900 16.7188 17.655 16.9584 51.3323
25000 16.7657 17.7639 17.0252 51.5547
25100 16.8193 17.8765 17.0848 51.7806
25200 16.9039 17.9219 17.1393 51.9651
25300 16.9228 17.8887 17.245 52.0566
25400 17.0117 17.9033 17.3074 52.2223
25500 17.1196 17.8607 17.3643 52.3446
25600 17.1318 17.9331 17.3605 52.4254
25700 17.1271 17.9867 17.552 52.6657
25800 17.1914 18.1092 17.6699 52.9705
25900 17.2498 18.2415 17.6336 53.125
26000 17.2888 18.2803 17.7347 53.3038
26100 17.325 18.32 17.8207 53.4656
26200 17.3512 18.3618 17.8736 53.5866
26300 17.4483 18.4296 17.9272 53.8051
26400 17.5394 18.4819 18.1026 54.1239
26500 17.5795 18.6349 18.1893 54.4037
26600 17.6425 18.7418 18.2358 54.6201
26700 17.6796 18.7782 18.3382 54.796
26800 17.7614 18.8557 18.3577 54.9749
26900 17.885 18.9717 18.4242 55.2808
27000 17.9923 19.0387 18.4495 55.4805
27100 18.0675 19.0857 18.502 55.6552
27200 18.2114 19.2332 18.4617 55.9063
27300 18.2689 19.3656 18.5268 56.1613
27400 18.327 19.4668 18.6422 56.436
27500 18.339 19.5758 18.7864 56.7012
27600 18.4286 19.7127 18.9427 57.084
27700 18.5181 19.7843 19.1259 57.4284
27800 18.6166 19.8955 19.0675 57.5796
27900 18.7443 19.9395 19.1765 57.8603
28000 18.7034 20.0014 19.1613 57.8661
28100 18.7052 20.108 19.3017 58.1148
28200 18.8313 20.2211 19.4334 58.4858
28300 18.8191 20.3841 19.519 58.7222
28400 18.8241 20.4715 19.6085 58.9041
28500 18.9034 20.5402 19.6465 59.0901
28600 19.0316 20.7286 19.7011 59.4613
28700 19.1141 20.8407 19.725 59.6797
28800 19.2117 20.9283 19.8592 59.9992
28900 19.2971 20.9238 19.8959 60.1169
29000 19.3031 20.9986 19.8731 60.1748
29100 19.3379 21.1115 20.0291 60.4785
29200 19.3543 21.1424 20.0499 60.5465
29300 19.3974 21.2494 20.1649 60.8117
29400 19.4137 21.3472 20.2336 60.9945
29500 19.4768 21.4271 20.3288 61.2327
29600 19.5227 21.4757 20.4164 61.4147
29700 19.5704 21.6659 20.4495 61.6859
29800 19.6435 21.7289 20.5062 61.8787
29900 19.6393 21.7785 20.5634 61.9811
30000 19.7462 21.893 20.6466 62.2857
30100 19.7798 21.9298 20.6924 62.402
30200 19.8443 22.0515 20.7431 62.6389
30300 19.9246 22.1698 20.8343 62.9287
30400 19.9953 22.2162 20.8672 63.0786
30500 19.9954 22.3411 20.9419 63.2784
30600 20.061 22.3847 21.077 63.5227
30700 20.133 22.4181 21.1217 63.6729
30800 20.1779 22.4371 21.2126 63.8276
30900 20.3354 22.4545 21.2509 64.0408
31000 20.3907 22.5057 21.2707 64.1671
31100 20.4597 22.6298 21.336 64.4254
31200 20.5552 22.7852 21.4536 64.7939
31300 20.6189 22.9028 21.4218 64.9435
31400 20.6515 22.9686 21.5537 65.1738
31500 20.7335 23.106 21.6405 65.48
31600 20.7998 23.1928 21.7052 65.6978
31700 20.8663 23.221 21.7117 65.799
31800 20.9119 23.2803 21.6695 65.8617
31900 20.9485 23.2748 21.6216 65.8448
32000 21.0596 23.3526 21.6448 66.057
32100 21.1 23.4019 21.6885 66.1904
32200 21.1837 23.482 21.7471 66.4128
32300 21.2882 23.5576 21.73 66.5758
32400 21.3527 23.7333 21.8653 66.9513
32500 21.3741 23.7534 22.0077 67.1352
32600 21.5513 23.9055 22.0907 67.5475
32700 21.639 24.0066 22.0627 67.7082
32800 21.6513 24.2682 22.1416 68.0611
32900 21.697 24.3391 22.2397 68.2758
33000 21.7232 24.3657 22.2757 68.3646
33100 21.7041 24.5126 22.2768 68.4934
33200 21.7859 24.6618 22.3549 68.8026
33300 21.9167 24.64 22.3991 68.9557
33400 22.0419 24.8017 22.4999 69.3435
33500 22.1988 24.7908 22.6243 69.6138
33600 22.276 24.9584 22.6307 69.8652
33700 22.3435 25.0957 22.7522 70.1913
33800 22.4259 25.2101 22.9207 70.5567
33900 22.4604 25.3409 23.0549 70.8562
34000 22.5061 25.3405 23.0699 70.9164
34100 22.5393 25.3757 22.9871 70.902
34200 22.5574 25.3789 23.1084 71.0446
34300 22.6245 25.5013 23.124 71.2497
34400 22.6244 25.5553 23.3003 71.48
34500 22.6945 25.638 23.4069 71.7394
34600 22.7332 25.687 23.5573 71.9775
34700 22.7962 25.807 23.6571 72.2604
34800 22.9113 25.9932 23.7001 72.6046
34900 23.003 26.1075 23.7688 72.8793
35000 23.1934 26.2613 23.7594 73.2142
35100 23.3076 26.4005 23.9253 73.6334
35200 23.4234 26.4301 23.9869 73.8404
35300 23.5188 26.5395 24.0932 74.1515
35400 23.5858 26.6518 24.1684 74.406
35500 23.6557 26.8237 24.1519 74.6313
35600 23.7062 26.8765 24.2331 74.8158
35700 23.8794 26.9787 24.3073 75.1654
35800 23.944 27.1459 24.3085 75.3985
35900 23.9063 27.236 24.2986 75.4409
36000 23.9439 27.3751 24.4039 75.7229
36100 23.9457 27.5065 24.4718 75.9241
36200 23.9422 27.7325 24.5243 76.1989
36300 24.0514 27.7925 24.5828 76.4266
36400 24.1917 27.8789 24.6709 76.7415
36500 24.2791 28.0113 24.7238 77.0142
36600 24.48 28.1871 24.7151 77.3821
36700 24.6173 28.2117 24.8225 77.6515
36800 24.6627 28.268 24.8338 77.7645
36900 24.72 28.3183 24.8922 77.9304
37000 24.8238 28.392 25.0316 78.2473
37100 25.002 28.4649 25.1073 78.5742
37200 25.1655 28.5299 25.1921 78.8876
37300 25.2869 28.4656 25.3105 79.063
37400 25.4031 28.5556 25.3866 79.3453
37500 25.557 28.5737 25.5015 79.6321
37600 25.5982 28.6076 25.5027 79.7085
37700 25.6175 28.6688 25.5541 79.8403
37800 25.679 28.7814 25.5959 80.0563
37900 25.8091 28.8227 25.7558 80.3876
38000 25.9224 28.9185 25.7676 80.6085
38100 26.1644 28.981 25.8114 80.9568
38200 26.1684 29.1088 25.9185 81.1957
38300 26.2598 29.1108 25.9886 81.3592
38400 26.3264 29.1543 25.9655 81.4462
38500 26.2696 29.2089 25.9934 81.4719
38600 26.5125 29.245 26.0377 81.7952
38700 26.6319 29.3185 26.1229 82.0733
38800 26.7081 29.3762 26.0969 82.1812
38900 26.7253 29.4765 26.2188 82.4206
39000 26.9075 29.3781 26.2322 82.5178
39100 27.057 29.4915 26.3898 82.9383
39200 27.2023 29.5118 26.4199 83.1341
39300 27.3762 29.7497 26.4426 83.5685
39400 27.3789 29.8877 26.5126 83.7792
39500 27.5122 29.8726 26.6389 84.0237
39600 27.6359 30.0579 26.6816 84.3754
39700 27.7177 30.2135 26.653 84.5843
39800 27.7497 30.3616 26.7934 84.9047
39900 27.7054 30.4332 26.8358 84.9744
40000 27.6821 30.5876 26.9656 85.2353
40100 27.8129 30.7037 27.1138 85.6304
40200 27.8044 30.7762 27.1963 85.7769
40300 27.8965 30.7676 27.3152 85.9793
40400 27.9133 30.8951 27.4563 86.2647
40500 27.9784 30.9672 27.5208 86.4664
40600 28.0579 31.051 27.5511 86.66
40700 28.0914 31.0299 27.5943 86.7156
40800 28.1214 31.1363 27.7461 87.0038
40900 28.164 31.2295 27.6644 87.058
41000 28.2688 31.415 27.7877 87.4716
41100 28.4548 31.659 27.8771 87.991
41200 28.5719 31.7522 27.8331 88.1572
41300 28.6342 31.9925 27.9931 88.6199
41400 28.731 31.9165 28.1502 88.7977
41500 28.7597 32.0091 28.2421 89.0109
41600 28.8378 32.0308 28.3042 89.1728
41700 29.0098 32.1125 28.3559 89.4783
41800 28.9889 32.1072 28.3911 89.4871
41900 29.0513 32.1902 28.4099 89.6513
42000 29.1665 32.2206 28.4189 89.806
42100 29.2822 32.2268 28.4478 89.9567
42200 29.3422 32.2001 28.6264 90.1688
42300 29.4262 32.1586 28.6903 90.275
42400 29.5706 32.2527 28.8105 90.6337
42500 29.7022 32.2957 28.9159 90.9138
42600 29.767 32.3488 28.9154 91.0311
42700 29.8196 32.4666 28.9949 91.2812
42800 29.9227 32.5806 28.9867 91.49
42900 29.9761 32.5976 29.0653 91.6389
43000 29.9417 32.7365 28.9699 91.648
43100 29.9955 32.8734 28.9907 91.8596
43200 30.0388 32.962 29.0393 92.04
43300 30.0967 33.0064 29.173 92.276
43400 30.1843 33.0553 29.2332 92.4728
43500 30.1634 33.2329 29.408 92.8043
43600 30.1579 33.4159 29.4183 92.9921
43700 30.226 33.5563 29.3979 93.1802
43800 30.3891 33.59 29.5035 93.4826
43900 30.3839 33.7804 29.6561 93.8204
44000 30.5797 33.8361 29.6707 94.0865
44100 30.6185 33.8174 29.6881 94.124
44200 30.7729 33.835 29.7213 94.3292
44300 30.8065 33.9611 29.9237 94.6913
44400 31.0957 34.1329 29.9649 95.1936
44500 31.0875 34.112 29.9768 95.1763
44600 31.1935 34.0901 30.0506 95.3342
44700 31.3127 34.2496 30.2268 95.7891
44800 31.5342 34.2624 30.2685 96.0651
44900 31.5758 34.463 30.2911 96.3299
45000 31.552 34.4067 30.3742 96.3328
45100 31.6049 34.4941 30.4241 96.5231
45200 31.8436 34.5992 30.4394 96.8822
45300 31.8688 34.6519 30.513 97.0338
45400 31.8384 34.6866 30.5612 97.0862
45500 31.8204 34.6365 30.6711 97.128
45600 31.8972 34.6652 30.7217 97.2842
45700 31.9522 34.6537 30.8092 97.4151
45800 32.0432 34.7274 30.8151 97.5856
45900 32.1345 34.8926 30.9139 97.941
46000 32.2882 35.0146 30.9799 98.2828
46100 32.4313 35.0479 30.9369 98.4161
46200 32.4753 35.1467 31.1252 98.7473
46300 32.472 35.2163 31.1979 98.8862
46400 32.5463 35.268 31.4156 99.2299
46500 32.604 35.3575 31.4346 99.3961
46600 32.7105 35.3569 31.5268 99.5942
46700 32.723 35.4859 31.5685 99.7775
46800 32.7556 35.5504 31.6438 99.9498
46900 32.7197 35.6726 31.7248 100.117
47000 32.809 35.7611 31.7599 100.33
47100 32.8491 35.9636 31.8412 100.654
47200 32.966 35.9664 31.8987 100.831
47300 33.0499 35.9997 31.9202 100.97
47400 33.1015 36.1918 32.0059 101.299
47500 33.1892 36.2889 31.9217 101.4
47600 33.2372 36.3549 32.0371 101.629
47700 33.3876 36.5303 32.0483 101.966
47800 33.47 36.5258 32.0654 102.061
47900 33.438 36.5282 32.1213 102.087
48000 33.4852 36.5775 32.2973 102.36
48100 33.5091 36.657 32.3677 102.534
48200 33.5867 36.724 32.42 102.731
48300 33.6633 36.8379 32.4579 102.959
48400 33.7791 36.7734 32.4978 103.05
48500 33.7297 36.8106 32.6583 103.199
48600 33.7241 36.8932 32.7569 103.374
48700 33.778 36.9665 32.8617 103.606
48800 33.813 36.9963 32.806 103.615
48900 33.8573 37.0509 32.8356 103.744
49000 33.9564 37.0284 32.9195 103.904
49100 34.066 37.1224 32.9338 104.122
49200 34.0722 37.1517 33.084 104.308
49300 34.0858 37.2655 33.2068 104.558
49400 34.1112 37.2931 33.2561 104.66
49500 34.0801 37.3334 33.3336 104.747
49600 34.1892 37.3935 33.4314 105.014
49700 34.2716 37.4702 33.5497 105.292
49800 34.4006 37.5494 33.5443 105.494
49900 34.4475 37.518 33.5511 105.517
50000 34.4998 37.6344 33.4718 105.606
50100 34.4415 37.7885 33.5314 105.761
50200 34.4829 37.7771 33.5834 105.843
50300 34.5452 37.8896 33.6324 106.067
50400 34.6246 37.8627 33.682 106.169
50500 34.7109 37.9316 33.9096 106.552
50600 34.6901 37.9299 34.0035 106.623
50700 34.7929 38.1139 33.8902 106.797
50800 34.8425 38.1539 33.8507 106.847
50900 34.955 38.2559 33.8695 107.08
51000 35.1265 38.4576 33.9912 107.575
51100 35.2147 38.5554 34.0149 107.785
51200 35.3239 38.414 34.2573 107.995
51300 35.4168 38.4426 34.3393 108.199
51400 35.4965 38.5522 34.3714 108.42
51500 35.6624 38.4792 34.4684 108.61
51600 35.8706 38.6286 34.4734 108.973
51700 35.88 38.6919 34.4927 109.065
51800 36.0354 38.8513 34.4771 109.364
51900 35.9541 38.8845 34.5007 109.339
52000 35.9285 39.0208 34.6004 109.55
52100 35.9957 39.2204 34.6981 109.914
52200 36.0657 39.3274 34.6893 110.082
52300 36.0409 39.4057 34.8005 110.247
52400 36.1394 39.3951 34.9732 110.508
52500 36.2113 39.5356 35.0841 110.831
52600 36.3334 39.5335 35.0994 110.966
52700 36.5103 39.6929 35.1097 111.313
52800 36.5929 39.6936 35.2758 111.562
52900 36.7396 39.6933 35.3171 111.75
53000 36.8182 39.8657 35.427 112.111
53100 36.9805 39.871 35.4352 112.287
53200 37.1709 39.9428 35.4589 112.573
53300 37.2163 40.1234 35.5599 112.9
53400 37.2433 40.1304 35.6286 113.002
53500 37.3098 40.1703 35.6099 113.09
53600 37.4523 40.2155 35.5691 113.237
53700 37.5093 40.3244 35.6774 113.511
53800 37.4453 40.3501 35.7377 113.533
53900 37.5631 40.49 35.86 113.913
54000 37.6269 40.498 35.9489 114.074
54100 37.6954 40.5588 36.0267 114.281
54200 37.7789 40.6768 36.1657 114.621
54300 37.8056 40.7347 36.2772 114.818
54400 37.8469 40.8145 36.4116 115.073
54500 37.8842 40.9287 36.5107 115.324
54600 37.8887 41.0512 36.4988 115.439
54700 37.891 41.1933 36.451 115.535
54800 37.9876 41.2611 36.5531 115.802
54900 38.0941 41.3139 36.6714 116.079
55000 38.2122 41.3701 36.7295 116.312
55100 38.2796 41.4107 36.7317 116.422
55200 38.5149 41.4598 36.8277 116.802
55300 38.6399 41.5787 37.0774 117.296
55400 38.7148 41.6544 37.0748 117.444
55500 38.8745 41.6751 37.0787 117.628
55600 39.0162 41.7813 37.2214 118.019
55700 39.0434 41.8655 37.31 118.219
55800 39.1175 41.927 37.399 118.443
55900 39.241 42.0267 37.4548 118.722
56000 39.3159 42.0694 37.5386 118.924
56100 39.2916 42.1499 37.6875 119.129
56200 39.2772 42.2875 37.7082 119.273
56300 39.3358 42.2328 37.7557 119.324
56400 39.4127 42.2356 37.9005 119.549
56500 39.4345 42.2427 37.7725 119.45
56600 39.7258 42.3076 37.8163 119.85
56700 39.931 42.308 37.854 120.093
56800 40.0553 42.4504 37.8878 120.394
56900 40.1908 42.4226 37.9597 120.573
57000 40.1977 42.5405 37.8928 120.631
57100 40.1978 42.6571 38.0318 120.887
57200 40.2161 42.751 38.0874 121.054
57300 40.2765 42.7133 38.223 121.213
57400 40.3525 42.7813 38.1978 121.332
57500 40.5148 42.7772 38.2581 121.55
57600 40.6112 42.7147 38.3133 121.639
57700 40.5127 42.7869 38.2091 121.509
57800 40.6422 42.7477 38.1932 121.583
57900 40.6661 42.6971 38.2601 121.623
58000 40.6627 42.7627 38.3159 121.741
58100 40.7295 42.8259 38.4837 122.039
58200 40.7787 42.9552 38.5138 122.248
58300 40.7875 43.0913 38.5609 122.44
58400 40.7943 43.2216 38.6379 122.654
58500 40.9283 43.2494 38.7221 122.9
58600 40.9506 43.2506 38.8301 123.031
58700 41.014 43.3962 38.8546 123.265
58800 41.018 43.5838 38.9163 123.518
58900 41.048 43.6098 38.9427 123.6
59000 41.1994 43.7211 38.9675 123.888
59100 41.1369 43.8071 38.9706 123.915
59200 41.1416 43.8907 38.9998 124.032
59300 41.2011 44.0221 39.0144 124.238
59400 41.1835 44.084 39.0795 124.347
59500 41.3521 44.1423 39.1343 124.629
59600 41.4427 44.0535 39.3043 124.8
59700 41.4486 44.1676 39.4108 125.027
59800 41.5249 44.1695 39.4988 125.193
59900 41.5897 44.4077 39.5824 125.58
60000 41.6874 44.5257 39.6725 125.886
60100 41.8106 44.5721 39.8714 126.254
60200 42.0392 44.6691 39.9581 126.666
60300 42.1113 44.6983 40.0621 126.872
60400 42.1667 44.8067 40.0762 127.05
60500 42.3648 44.958 40.1215 127.444
60600 42.4573 45.1482 40.1721 127.778
60700 42.5171 45.2841 40.252 128.053
60800 42.7422 45.4398 40.2304 128.412
60900 42.8175 45.4443 40.3844 128.646
61000 42.9037 45.5203 40.4143 128.838
61100 42.7966 45.5787 40.4538 128.829
61200 42.8104 45.7532 40.5554 129.119
61300 42.8783 45.7457 40.6074 129.231
61400 43.0313 45.7114 40.7446 129.487
61500 43.0336 45.8693 40.6366 129.54
61600 42.9906 46.0425 40.785 129.818
61700 43.0563 46.1338 40.7715 129.962
61800 43.114 46.3349 40.8466 130.295
61900 43.151 46.6578 40.8846 130.693
62000 43.1842 46.8202 40.9219 130.926
62100 43.2359 46.9088 40.9942 131.139
62200 43.2749 47.1355 41.1491 131.56
62300 43.3211 47.2426 41.3508 131.914
62400 43.2374 47.2856 41.53 132.053
62500 43.3848 47.2817 41.678 132.344
62600 43.3387 47.3821 41.8547 132.575
62700 43.5846 47.3524 42.047 132.984
62800 43.8726 47.3355 42.0094 133.218
62900 43.9526 47.2871 42.008 133.248
63000 43.9355 47.3538 42.1616 133.451
63100 44.0798 47.3636 42.2476 133.691
63200 44.1471 47.2852 42.3525 133.785
63300 44.2028 47.2914 42.5795 134.074
63400 44.2394 47.2768 42.5651 134.081
63500 44.3782 47.405 42.5123 134.295
63600 44.5059 47.5538 42.6658 134.725
63700 44.5912 47.7386 42.6717 135.001
63800 44.6186 47.8131 42.7901 135.222
63900 44.6891 47.8364 42.7904 135.316
64000 44.9171 47.9079 42.7721 135.597
64100 45.1334 47.9958 42.807 135.936
64200 45.1965 47.8913 42.923 136.011
64300 45.3244 48.0074 43.037 136.369
64400 45.3037 48.0765 43.132 136.512
64500 45.3044 47.9174 43.0739 136.296
64600 45.3986 48.0239 43.0985 136.521
64700 45.4491 48.1472 43.2526 136.849
64800 45.4816 48.2612 43.3814 137.124
64900 45.459 48.431 43.4456 137.336
65000 45.5258 48.5204 43.5609 137.607
65100 45.5791 48.7036 43.6286 137.911
65200 45.7022 48.8239 43.6385 138.164
65300 45.8518 48.7708 43.782 138.405
65400 45.8681 48.8871 43.6251 138.38
65500 45.8823 48.8803 43.6317 138.394
65600 45.9382 49.0147 43.6838 138.637
65700 46.1068 49.1013 43.6366 138.845
65800 46.1116 49.1986 43.6094 138.92
65900 46.0691 49.3391 43.6353 139.043
66000 46.2939 49.3313 43.7204 139.346
66100 46.3076 49.4244 43.7814 139.513
66200 46.4568 49.5011 43.838 139.796
66300 46.488 49.5383 43.7849 139.811
66400 46.6401 49.5991 43.7857 140.025
66500 46.6003 49.8041 43.8169 140.221
66600 46.749 50.0246 44.0129 140.786
66700 46.7425 49.9928 43.8598 140.595
66800 46.857 49.904 43.7798 140.541
66900 47.1104 49.9132 43.8722 140.896
67000 47.1998 49.9374 43.941 141.078
67100 47.2995 49.972 43.916 141.188
67200 47.3439 50.0971 44.0346 141.476
67300 47.3422 50.1135 44.2542 141.71
67400 47.4011 50.2481 44.2768 141.926
67500 47.4087 50.2949 44.5188 142.222
67600 47.4206 50.3859 44.7324 142.539
67700 47.2987 50.6208 44.6922 142.612
67800 47.302 50.6399 44.7843 142.726
67900 47.3628 50.8723 44.8914 143.126
68000 47.513 50.9462 45.007 143.466
68100 47.5492 50.8728 45.159 143.581
68200 47.7049 51.0248 45.2435 143.973
68300 47.7079 51.1842 45.3961 144.288
68400 47.797 51.2152 45.417 144.429
68500 47.8804 51.2068 45.4381 144.525
68600 47.9674 51.2657 45.5722 144.805
68700 48.0039 51.4326 45.5783 145.015
68800 48.021 51.4815 45.7159 145.218
68900 48.0483 51.558 45.7498 145.356
69000 48.1654 51.6348 45.8051 145.605
69100 48.2328 51.6406 45.9284 145.802
69200 48.3211 51.7641 45.9913 146.076
69300 48.4937 51.9834 46.1029 146.58
69400 48.4887 52.0871 46.1678 146.744
69500 48.5603 52.1961 46.1224 146.879
69600 48.5655 52.3041 46.2047 147.074
69700 48.5103 52.4128 46.2857 147.209
69800 48.6301 52.5086 46.3378 147.477
69900 48.5883 52.4626 46.3113 147.362
70000 48.682 52.5664 46.4904 147.739
70100 48.8373 52.7224 46.4668 148.026
70200 48.8703 52.638 46.4494 147.958
70300 48.954 52.6974 46.4939 148.145
70400 49.0194 52.7296 46.5578 148.307
70500 49.0435 52.8966 46.4745 148.415
70600 48.9651 52.9605 46.7318 148.657
70700 48.9976 53.0548 46.8142 148.867
70800 49.1353 53.237 46.8347 149.207
70900 49.3411 53.322 46.9676 149.631
71000 49.4186 53.2731 46.9016 149.593
71100 49.5807 53.3601 47.0282 149.969
71200 49.6061 53.4106 47.1519 150.169
71300 49.7457 53.4431 47.1963 150.385
71400 49.9152 53.6009 47.2891 150.805
71500 49.8855 53.5023 47.3797 150.767
71600 49.8772 53.5331 47.5204 150.931
71700 50.1744 53.5513 47.7196 151.445
71800 50.2152 53.5765 47.7796 151.571
71900 50.3987 53.5484 47.9696 151.917
72000 50.4391 53.5408 48.1679 152.148
72100 50.4879 53.4486 48.1992 152.136
72200 50.7185 53.4724 48.3992 152.59
72300 50.8444 53.4863 48.4393 152.77
72400 50.9803 53.4467 48.6013 153.028
72500 51.0913 53.5095 48.7206 153.321
72600 51.2703 53.5559 48.7793 153.605
72700 51.4088 53.7219 48.8232 153.954
72800 51.5162 53.9001 48.813 154.229
72900 51.6234 54.0827 48.9359 154.642
73000 51.8638 54.1469 49.1754 155.186
73100 51.8569 54.2106 49.2241 155.292
73200 52.0179 54.2763 49.2292 155.523
73300 52.0305 54.1565 49.3189 155.506
73400 52.0167 54.1961 49.2419 155.455
73500 52.0836 54.2137 49.3698 155.667
73600 52.1735 54.2616 49.4001 155.835
73700 52.1849 54.3619 49.4759 156.023
73800 52.1498 54.5246 49.6126 156.287
73900 52.2075 54.6308 49.716 156.554
74000 52.3591 54.6651 49.6604 156.685
74100 52.4348 54.8191 49.8713 157.125
74200 52.574 54.9202 50.0124 157.507
74300 52.5683 55.123 50.0997 157.791
74400 52.581 55.1978 50.2133 157.992
74500 52.7304 55.1962 50.3886 158.315
74600 52.7447 55.2798 50.5801 158.605
74700 52.6558 55.3892 50.5387 158.584
74800 52.7427 55.3391 50.4006 158.483
74900 52.8443 55.2721 50.4353 158.552
75000 52.8956 55.4208 50.5461 158.863
75100 52.7813 55.4859 50.5555 158.823
75200 52.6596 55.6041 50.4743 158.738
75300 52.8499 55.6741 50.6261 159.15
75400 52.9341 55.8269 50.5699 159.331
75500 52.9552 56.0195 50.5747 159.549
75600 52.9482 56.0607 50.716 159.725
75700 53.0952 56.0544 50.6431 159.793
75800 53.2866 56.1096 50.6596 160.056
75900 53.496 56.2135 50.7477 160.457
76000 53.5702 56.2849 50.8318 160.687
76100 53.5396 56.3051 50.847 160.692
76200 53.5224 56.1853 51.029 160.737
76300 53.6286 56.2509 51.2438 161.123
76400 53.6947 56.3221 51.2539 161.271
76500 53.7432 56.5112 51.4291 161.684
76600 53.8003 56.6134 51.4081 161.822
76700 53.9117 56.6561 51.5443 162.112
76800 54.0406 56.7013 51.6294 162.371
76900 53.9947 56.8096 51.5772 162.382
77000 54.142 56.9504 51.7205 162.813
77100 54.3485 56.8507 51.5972 162.796
77200 54.3698 57.0964 51.6384 163.105
77300 54.4633 57.2214 51.7706 163.455
77400 54.5171 57.2941 51.8372 163.648
77500 54.5778 57.4058 51.9954 163.979
77600 54.6339 57.4633 52.077 164.174
77700 54.5962 57.6206 52.0916 164.308
77800 54.878 57.6883 52.2122 164.779
77900 54.9674 57.7172 52.2539 164.939
78000 55.1174 57.8541 52.2446 165.216
78100 55.2595 57.9618 52.0575 165.279
78200 55.4808 58.0466 52.0377 165.565
78300 55.6563 58.0511 52.0542 165.762
78400 55.7796 58.2202 52.0399 166.04
78500 55.8884 58.3053 52.0763 166.27
78600 55.9984 58.2616 52.1389 166.399
78700 56.1792 58.2338 52.2137 166.627
78800 56.2912 58.1211 52.2571 166.669
78900 56.4143 58.1436 52.1421 166.7
79000 56.4062 58.2789 52.2612 166.946
79100 56.3543 58.4167 52.3938 167.165
79200 56.3095 58.6291 52.5298 167.468
79300 56.336 58.7676 52.5673 167.671
79400 56.3124 58.8634 52.7097 167.886
79500 56.3716 58.9452 52.7334 168.05
79600 56.4468 58.9642 52.7437 168.155
79700 56.5908 59.0039 52.7888 168.383
79800 56.6424 58.9801 52.7721 168.395
79900 56.7205 59.0443 52.8993 168.664
80000 57.0011 59.0185 52.9225 168.942
80100 57.2387 59.2216 53.1012 169.562
80200 57.2334 59.364 53.243 169.84
80300 57.206 59.396 53.2615 169.863
80400 57.3554 59.4161 53.2594 170.031
80500 57.3703 59.642 53.4138 170.426
80600 57.4327 59.7295 53.508 170.67
80700 57.4894 59.7152 53.4447 170.649
80800 57.6375 59.7295 53.4096 170.777
80900 57.7309 59.8228 53.365 170.919
81000 57.8826 60.0098 53.5278 171.42
81100 58.0746 59.9619 53.6643 171.701
81200 58.2373 60.1207 53.6185 171.976
81300 58.3832 60.2228 53.6315 172.237
81400 58.5636 60.2875 53.6725 172.524
81500 58.6229 60.369 53.6891 172.681
81600 58.6393 60.4709 53.7481 172.858
81700 58.7476 60.5776 53.9236 173.249
81800 58.782 60.5544 54.023 173.359
81900 58.793 60.4994 54.0288 173.321
82000 58.9095 60.56 54.1077 173.577
82100 58.956 60.7802 54.0358 173.772
82200 59.1107 60.8561 53.8414 173.808
82300 59.1973 60.936 53.9254 174.059
82400 59.4072 60.9194 53.9313 174.258
82500 59.3878 60.8718 53.9295 174.189
82600 59.4882 60.8631 53.9773 174.329
82700 59.7517 60.9156 54.195 174.862
82800 59.7725 61.042 54.2135 175.028
82900 59.8988 61.1758 54.2473 175.322
83000 60.0748 61.2334 54.2926 175.601
83100 60.1084 61.2523 54.4566 175.817
83200 60.1527 61.3044 54.58 176.037
83300 60.2556 61.2028 54.6145 176.073
83400 60.3381 61.2924 54.6809 176.311
83500 60.5461 61.3719 54.7203 176.638
83600 60.605 61.2687 54.7064 176.58
83700 60.615 61.347 54.8073 176.769
83800 60.5544 61.4694 54.9557 176.98
83900 60.7095 61.5166 54.9691 177.195
84000 60.8324 61.7082 54.8773 177.418
84100 60.8376 61.9194 55.0343 177.791
84200 60.8482 62.0367 55.2022 178.087
84300 60.9916 62.1465 55.3745 178.513
84400 61.0565 62.4171 55.4867 178.96
84500 61.0241 62.4884 55.5188 179.031
84600 61.2595 62.5292 55.7094 179.498
84700 61.324 62.582 55.6905 179.597
84800 61.4442 62.7931 55.6954 179.933
84900 61.4321 62.86 55.7626 180.055
85000 61.4597 62.9026 55.8624 180.225
85100 61.4749 62.8205 55.9272 180.223
85200 61.3706 62.8023 56.03 180.203
85300 61.2066 62.777 56.1443 180.128
85400 61.1347 62.9451 56.2759 180.356
85500 61.2714 63.0218 56.3145 180.608
85600 61.3092 63.2263 56.4295 180.965
85700 61.4194 63.2702 56.6809 181.371
85800 61.427 63.4287 56.6352 181.491
85900 61.4993 63.6319 56.7746 181.906
86000 61.6651 63.8025 56.8447 182.312
86100 61.8266 63.8162 57.0013 182.644
86200 61.8336 63.8097 56.9966 182.64
86300 61.8888 64.0957 57.1017 183.086
86400 62.0693 64.1664 57.1209 183.357
86500 62.325 64.2151 57.193 183.733
86600 62.311 64.29 57.2992 183.9
86700 62.3483 64.4079 57.4021 184.158
86800 62.4333 64.6104 57.5502 184.594
86900 62.5019 64.5949 57.6221 184.719
87000 62.7796 64.6574 57.6312 185.068
87100 63.0488 64.6671 57.5286 185.244
87200 63.047 64.6165 57.4772 185.141
87300 63.1067 64.6944 57.6232 185.424
87400 63.0323 64.8914 57.714 185.638
87500 63.1153 65.0384 57.7272 185.881
87600 63.1057 65.2851 57.6595 186.05
87700 63.1271 65.3016 57.6713 186.1
87800 63.0207 65.3404 57.7262 186.087
87900 63.09 65.5556 57.724 186.37
88000 62.9916 65.689 57.7452 186.426
88100 63.066 65.6349 57.6449 186.346
88200 63.1821 65.6084 57.6988 186.489
88300 63.1118 65.6544 57.808 186.574
88400 63.0597 65.909 57.9362 186.905
88500 63.1649 65.9961 57.987 187.148
88600 63.1701 66.0979 57.9796 187.248
88700 63.1163 66.2133 57.9824 187.312
88800 63.2357 66.1154 58.1126 187.464
88900 63.4222 66.3726 58.2271 188.022
89000 63.4943 66.5618 58.3899 188.446
89100 63.6132 66.6019 58.4556 188.671
89200 63.7308 66.7323 58.4387 188.902
89300 63.8322 66.7444 58.5906 189.167
89400 63.934 66.9881 58.7141 189.636
89500 64.0257 66.837 58.7241 189.587
89600 64.1066 67 58.9046 190.011
89700 64.1805 67.2328 59.2212 190.635
89800 64.2697 67.346 59.3399 190.956
89900 64.2693 67.3046 59.4789 191.053
90000 64.318 67.3536 59.7226 191.394
90100 64.4041 67.4218 59.7922 191.618
90200 64.5762 67.5777 59.8697 192.024
90300 64.6964 67.8301 59.8778 192.404
90400 64.7736 68.0104 59.9588 192.743
90500 64.8445 68.1916 60.1007 193.137
90600 64.8996 68.3381 60.0451 193.283
90700 65.0839 68.3548 60.1103 193.549
90800 65.0092 68.3955 60.1555 193.56
90900 64.9854 68.5523 60.3262 193.864
91000 65.1394 68.6264 60.3381 194.104
91100 65.0823 68.6618 60.4497 194.194
91200 65.1377 68.7855 60.591 194.514
91300 65.1146 68.7899 60.4349 194.339
91400 65.2046 69.0629 60.5713 194.839
91500 65.2134 69.0315 60.6451 194.89
91600 65.3788 69.0051 60.7679 195.152
91700 65.4485 68.7924 60.6762 194.917
91800 65.4025 68.985 60.8416 195.229
91900 65.3305 69.167 60.9064 195.404
92000 65.2055 69.2056 60.9499 195.361
92100 65.2747 69.2915 61.0728 195.639
92200 65.2973 69.4962 61.2685 196.062
92300 65.3997 69.5281 61.4244 196.352
92400 65.3794 69.5298 61.5442 196.453
92500 65.3455 69.5876 61.5953 196.528
92600 65.3964 69.4846 61.6322 196.513
92700 65.5584 69.521 61.6801 196.759
92800 65.5402 69.605 61.6581 196.803
92900 65.6759 69.6161 61.6383 196.93
93000 65.6194 69.669 61.4837 196.772
93100 65.6507 69.7469 61.6856 197.083
93200 65.8146 69.9582 61.7115 197.484
93300 65.7877 70.0608 61.8327 197.681
93400 65.9309 70.2846 61.9902 198.206
93500 65.9433 70.2435 61.9753 198.162
93600 66.0275 70.3937 61.9145 198.336
93700 66.2521 70.4503 62.0252 198.728
93800 66.3595 70.3785 62.1501 198.888
93900 66.6231 70.4757 62.3985 199.497
94000 66.7219 70.5576 62.6073 199.887
94100 66.8287 70.6257 62.476 199.93
94200 66.9019 70.7232 62.6448 200.27
94300 67.0421 70.9366 62.7327 200.711
94400 67.007 70.9573 62.8206 200.785
94500 67.1603 71.0566 62.9728 201.19
94600 67.1922 71.1184 63.0107 201.321
94700 67.215 71.0295 63.0955 201.34
94800 67.2218 71.1073 63.2037 201.533
94900 67.3449 70.9672 63.2625 201.575
95000 67.2983 70.9289 63.431 201.658
95100 67.4967 71.0267 63.5328 202.056
95200 67.6083 71.1264 63.642 202.377
95300 67.7322 71.1627 63.7529 202.648
95400 67.8108 71.3864 63.7696 202.967
95500 67.9536 71.4347 63.98 203.368
95600 68.0759 71.3903 64.0734 203.54
95700 68.1162 71.3664 64.3262 203.809
95800 68.1564 71.4951 64.4046 204.056
95900 68.1852 71.6568 64.4113 204.253
96000 68.2801 71.8652 64.4348 204.58
96100 68.2658 71.9372 64.4084 204.611
96200 68.3221 71.9285 64.4239 204.675
96300 68.2306 72.0371 64.5162 204.784
96400 68.1173 71.9624 64.5455 204.625
96500 68.088 72.0086 64.6821 204.779
96600 67.9586 72.0626 64.893 204.914
96700 68.1038 72.0992 65.0726 205.276
96800 68.1862 72.0066 64.9546 205.148
96900 68.2939 72.0331 65.1741 205.501
97000 68.2168 72.0874 65.3733 205.677
97100 68.2743 72.1132 65.5138 205.901
97200 68.3783 72.1703 65.6519 206.2
97300 68.5016 72.2196 65.8008 206.522
97400 68.52 72.2488 65.909 206.678
97500 68.5458 72.0587 66.0878 206.692
97600 68.5352 72.0772 66.2241 206.836
97700 68.5862 72.0574 66.1709 206.815
97800 68.6771 72.1002 66.1518 206.929
97900 68.6833 72.2114 66.2492 207.144
98000 68.8458 72.2718 66.2548 207.372
98100 68.8381 72.4026 66.2632 207.504
98200 68.8782 72.4724 66.4431 207.794
98300 69.0362 72.5063 66.5823 208.125
98400 69.1137 72.4506 66.6235 208.188
98500 69.1137 72.4796 66.6856 208.279
98600 69.2701 72.5682 66.7242 208.562
98700 69.3082 72.7693 66.8789 208.956
98800 69.3844 72.9506 66.8235 209.159
98900 69.5898 72.84 67.02 209.45
99000 69.5697 72.8228 67.1027 209.495
99100 69.6605 72.9029 67.1884 209.752
99200 69.6626 73.1395 67.2732 210.075
99300 69.7679 73.2993 67.2174 210.285
99400 69.8436 73.4021 67.2603 210.506
99500 70.0615 73.5498 67.3524 210.964
99600 70.244 73.6066 67.4527 211.303
99700 70.2782 73.7609 67.4862 211.525
99800 70.3223 73.7434 67.5772 211.643
99900 70.5033 73.8636 67.7255 212.092
100000 70.5571 73.9773 67.9241 212.459
100100 70.6893 74.1747 68.0105 212.874
100200 70.6922 74.2626 68.0247 212.98
100300 70.535 74.3129 68.0951 212.943
100400 70.5506 74.3075 67.9848 212.843
100500 70.6402 74.5407 68.1581 213.339
100600 70.6542 74.6953 68.1788 213.528
100700 70.7313 74.7244 68.2012 213.657
100800 70.8841 74.8483 68.2409 213.973
100900 70.7962 74.9105 68.1585 213.865
101000 71.0339 74.8884 68.2064 214.129
101100 71.1062 74.9085 68.334 214.349
101200 70.9885 74.7924 68.3205 214.101
101300 71.1085 74.9082 68.7475 214.764
101400 71.0643 74.9168 68.9277 214.909
101500 71.1545 74.9573 68.8877 214.999
101600 71.139 74.9567 68.8083 214.904
101700 71.4102 74.8766 68.9045 215.191
101800 71.4602 74.8752 68.9684 215.304
101900 71.5554 75.0056 68.8882 215.449
102000 71.5022 74.9615 68.9932 215.457
102100 71.4998 75.0905 69.1795 215.77
102200 71.5818 75.0484 69.4278 216.058
102300 71.5451 75.1894 69.5462 216.281
102400 71.6301 75.2144 69.6589 216.503
102500 71.7775 75.3071 69.8959 216.98
102600 71.8158 75.4543 69.92 217.19
102700 71.9726 75.3694 70.0494 217.391
102800 72.001 75.4228 70.1585 217.582
102900 72.1575 75.4228 70.0373 217.618
103000 72.2738 75.429 70.0654 217.768
103100 72.3139 75.3913 70.1634 217.869
103200 72.3782 75.4557 70.1705 218.004
103300 72.515 75.4082 70.3164 218.24
103400 72.6606 75.4285 70.5406 218.63
103500 72.8402 75.6046 70.5967 219.041
103600 72.7727 75.7698 70.5168 219.059
103700 72.7417 76.0547 70.7619 219.558
103800 72.6687 76.029 70.7674 219.465
103900 72.8155 76.1832 70.7192 219.718
104000 72.9193 76.3571 70.8414 220.118
104100 73.0006 76.4821 71.0683 220.551
104200 73.1588 76.5259 71.0402 220.725
104300 73.3202 76.6698 71.153 221.143
104400 73.3992 76.7419 71.3667 221.508
104500 73.3861 76.7643 71.3478 221.498
104600 73.5834 76.9049 71.3764 221.865
104700 73.6791 76.9453 71.4283 222.053
104800 73.6274 77.069 71.6395 222.336
104900 73.7249 77.0753 71.6627 222.463
105000 73.7331 77.1536 71.6372 222.524
105100 73.6956 77.289 71.6284 222.613
105200 73.7709 77.1255 71.8101 222.707
105300 73.739 77.1552 71.7602 222.654
105400 73.8463 77.2402 71.9052 222.992
105500 73.8381 77.2574 72.0287 223.124
105600 74.0481 77.3921 72.2486 223.689
105700 74.136 77.5136 72.0051 223.655
105800 74.3106 77.6318 72.3165 224.259
105900 74.4529 77.7824 72.3821 224.617
106000 74.3662 77.8602 72.4422 224.669
106100 74.4362 77.9914 72.4176 224.845
106200 74.3423 77.9897 72.2764 224.608
106300 74.404 78.0624 72.3347 224.801
106400 74.627 78.103 72.5016 225.232
106500 74.6648 78.33 72.6007 225.596
106600 74.5953 78.5331 72.4941 225.622
106700 74.7773 78.7369 72.5192 226.033
106800 74.7569 78.9536 72.5273 226.238
106900 74.8568 79.1568 72.6007 226.614
107000 75.0412 79.1719 72.529 226.742
107100 75.1446 79.4658 72.6168 227.227
107200 75.0088 79.5154 72.7302 227.254
107300 75.0723 79.5738 72.733 227.379
107400 75.2298 79.6546 72.8672 227.752
107500 75.2122 79.9307 72.9549 228.098
107600 75.6021 79.8029 73.0459 228.451
107700 75.5276 79.7873 73.1322 228.447
107800 75.5567 79.8127 73.2628 228.632
107900 75.8606 79.6184 73.4343 228.913
108000 75.9723 79.754 73.5312 229.257
108100 76.0327 79.7181 73.6136 229.364
108200 76.1224 79.6307 73.7645 229.518
108300 76.0625 79.5523 73.7773 229.392
108400 76.3131 79.6347 73.8302 229.778
108500 76.44 79.7795 74.0097 230.229
108600 76.597 79.7557 73.9119 230.265
108700 76.6289 79.9102 73.8823 230.421
108800 76.7043 79.9816 73.8656 230.551
108900 76.8154 79.9693 74.0542 230.839
109000 77.029 80.0073 73.933 230.969
109100 77.0693 80.0076 73.9126 230.99
109200 77.1154 80.1419 73.8723 231.13
109300 77.2174 80.2094 74.0469 231.474
109400 77.253 80.2985 73.9642 231.516
109500 77.4403 80.3252 73.9712 231.737
109600 77.5009 80.4112 74.0745 231.987
109700 77.5543 80.5703 74.035 232.16
109800 77.5847 80.8302 74.1059 232.521
109900 77.6072 80.7822 74.0609 232.45
110000 77.7707 80.8403 74.2374 232.848
110100 77.7989 80.7149 74.3292 232.843
110200 77.9 80.7819 74.4371 233.119
110300 78.01 80.7118 74.4437 233.165
110400 78.1649 80.8327 74.6695 233.667
110500 78.2364 80.8967 74.6464 233.779
110600 78.2773 80.9959 74.662 233.935
110700 78.4403 81.0295 74.8717 234.342
110800 78.4473 81.0534 74.9782 234.479
110900 78.5508 81.0528 75.0155 234.619
111000 78.6688 81.2089 75.1956 235.073
111100 78.7766 81.3374 75.2519 235.366
111200 78.907 81.3705 75.1492 235.427
111300 79.0538 81.412 75.1152 235.581
111400 79.2114 81.5263 75.0788 235.817
111500 79.035 81.698 75.0294 235.762
111600 79.0405 81.8192 75.1283 235.988
111700 78.8727 81.9141 75.4573 236.244
111800 78.7719 81.8745 75.5798 236.226
111900 78.8378 81.7926 75.7859 236.416
112000 78.7144 81.9207 75.8898 236.525
112100 78.7641 81.8457 76.0179 236.628
112200 78.6344 81.9312 76.0468 236.612
112300 78.4858 81.8769 75.9849 236.348
112400 78.4909 81.6743 76.0381 236.203
112500 78.3818 81.8384 76.0888 236.309
112600 78.4287 81.8448 75.999 236.273
112700 78.5062 81.7546 76.0274 236.288
112800 78.5745 81.8188 76.3602 236.753
112900 78.4634 81.9317 76.5574 236.952
113000 78.5977 81.9919 76.634 237.224
113100 78.6318 82.2222 76.7163 237.57
113200 78.8027 82.1268 76.8115 237.741
113300 78.8366 82.1008 77.0129 237.95
113400 78.9214 82.2159 77.1561 238.293
113500 79.1446 82.3077 77.3049 238.757
113600 79.222 82.4505 77.3634 239.036
113700 79.3644 82.4192 77.4164 239.2
113800 79.4053 82.5264 77.5169 239.449
113900 79.6107 82.5526 77.6192 239.782
114000 79.6495 82.6511 77.6727 239.973
114100 79.7976 82.8467 77.7472 240.392
114200 79.858 82.8981 77.7783 240.534
114300 79.8192 82.9117 77.8129 240.544
114400 79.848 83.0288 77.8952 240.772
114500 79.699 83.0579 77.9019 240.659
114600 79.7637 83.0142 77.7374 240.515
114700 79.7901 83.3638 77.8541 241.008
114800 79.8768 83.2137 77.8576 240.948
114900 79.8006 83.3234 77.9725 241.097
115000 79.784 83.1931 77.8845 240.862
115100 79.8839 83.3941 77.997 241.275
115200 79.8931 83.5723 77.8468 241.312
115300 79.9747 83.7394 77.7575 241.472
115400 80.0258 83.8541 77.8534 241.733
115500 80.2343 83.8352 77.9864 242.056
115600 80.37 83.9423 78.1222 242.434
115700 80.271 84.15 78.1277 242.549
115800 80.4195 84.3396 78.4552 243.214
115900 80.4582 84.5684 78.5091 243.536
116000 80.4017 84.7 78.525 243.627
116100 80.4391 84.789 78.6675 243.896
116200 80.5738 84.7354 78.5584 243.868
116300 80.6777 84.7818 78.4738 243.933
116400 80.7185 85.0052 78.6411 244.365
116500 80.5446 84.9723 78.756 244.273
116600 80.4519 84.8175 78.7731 244.042
116700 80.5578 84.9933 78.7577 244.309
116800 80.6261 85.2162 78.8859 244.728
116900 80.6146 85.1067 79.0021 244.723
117000 80.6725 84.9778 79.0639 244.714
117100 80.7585 85.1319 79.0716 244.962
117200 80.9009 85.3493 79.1601 245.41
117300 81.0042 85.4195 79.2241 245.648
117400 81.0035 85.44 79.3135 245.757
117500 81.0959 85.4523 79.309 245.857
117600 81.1955 85.6315 79.5297 246.357
117700 81.0663 85.7271 79.6524 246.446
117800 81.107 85.881 79.731 246.719
117900 81.2395 85.9628 79.8049 247.007
118000 81.3264 86.2035 80.019 247.549
118100 81.2197 86.3847 79.9258 247.53
118200 81.3935 86.3503 80.0082 247.752
118300 81.4886 86.2806 80.0461 247.815
118400 81.6217 86.2639 80.1416 248.027
118500 81.6657 86.4254 80.1381 248.229
118600 81.8665 86.4618 80.2661 248.594
118700 81.8674 86.4965 80.1228 248.487
118800 81.9806 86.5877 80.2939 248.862
118900 81.9828 86.7215 80.4297 249.134
119000 81.8519 86.8241 80.5939 249.27
119100 81.9307 86.9497 80.5707 249.451
119200 82.052 87.1112 80.6608 249.824
119300 82.2056 87.1554 80.6465 250.008
119400 82.3554 87.3716 80.6615 250.389
119500 82.4353 87.4289 80.8697 250.734
119600 82.4642 87.5934 81.0978 251.155
119700 82.7213 87.5146 81.1868 251.423
119800 82.7426 87.4792 81.3207 251.542
119900 82.6288 87.464 81.3528 251.446
120000 82.677 87.7004 81.3292 251.707
120100 82.8423 87.6614 81.2974 251.801
120200 82.7556 87.7139 81.4681 251.938
120300 82.9262 87.7787 81.6512 252.356
120400 82.866 87.7416 81.7907 252.398
120500 82.9559 87.7056 81.7563 252.418
120600 82.8974 87.84 81.9095 252.647
120700 83.0417 87.9883 82.0427 253.073
120800 83.0303 88.1973 82.0553 253.283
120900 83.0992 88.1703 82.0598 253.329
121000 83.2805 88.1028 82.0899 253.473
121100 83.2482 88.2409 82.2107 253.7
121200 83.3813 88.3599 82.2657 254.007
121300 83.307 88.3516 82.41 254.069
121400 83.2338 88.4171 82.4472 254.098
121500 83.2667 88.6239 82.2647 254.155
121600 83.4045 88.7235 82.2698 254.398
121700 83.5915 88.8543 82.5121 254.958
121800 83.6915 88.8459 82.5177 255.055
121900 83.7648 88.8617 82.5958 255.222
122000 84.0632 89.1389 82.5675 255.769
122100 84.2537 89.0905 82.677 256.021
122200 84.2545 89.1549 82.682 256.091
122300 84.3382 89.2954 82.9157 256.549
122400 84.5993 89.3567 82.8809 256.837
122500 84.8391 89.4074 83.0292 257.276
122600 84.9055 89.5158 83.104 257.525
122700 84.9918 89.6464 83.2625 257.901
122800 85.1743 89.6803 83.3748 258.229
122900 85.0913 89.8017 83.5439 258.437
123000 85.1049 89.8961 83.5319 258.533
123100 85.0355 89.9816 83.6519 258.669
123200 84.9203 90.1848 83.6305 258.736
123300 84.9657 90.2731 83.8238 259.063
123400 84.8759 90.4389 83.8112 259.126
123500 84.8467 90.4588 83.7755 259.081
123600 84.9741 90.6337 83.9663 259.574
123700 85.0721 90.5387 83.9176 259.528
123800 85.0595 90.5938 84.1008 259.754
123900 85.1133 90.4442 84.0608 259.618
124000 85.1298 90.6132 83.9732 259.716
124100 85.3284 90.7686 83.9987 260.096
124200 85.308 90.7961 84.1372 260.241
124300 85.434 90.7021 84.2073 260.343
124400 85.5674 90.7655 84.3322 260.665
124500 85.7281 90.8368 84.1987 260.764
124600 86.0179 90.9391 84.1808 261.138
124700 86.0366 90.9052 84.2589 261.201
124800 86.1683 91.0782 84.4791 261.726
124900 86.2555 91.1462 84.4839 261.886
125000 86.3491 91.2439 84.5669 262.16
125100 86.4406 91.3685 84.6315 262.441
125200 86.5212 91.4487 84.7476 262.718
125300 86.593 91.4175 84.7657 262.776
125400 86.6702 91.3895 84.8218 262.881
125500 86.7231 91.5216 84.8521 263.097
125600 87.0025 91.5417 84.8409 263.385
125700 86.9645 91.7032 85.0572 263.725
125800 87.0297 91.7152 85.191 263.936
125900 87.1175 91.6753 85.1624 263.955
126000 87.1424 91.8767 85.1627 264.182
126100 87.1921 91.9003 85.2607 264.353
126200 87.0501 91.8543 85.2366 264.141
126300 87.2084 91.8354 85.1616 264.205
126400 87.1975 91.8965 85.3718 264.466
126500 87.3979 92.0774 85.5505 265.026
126600 87.3266 92.1537 85.54 265.02
126700 87.519 92.3478 85.4367 265.303
126800 87.5346 92.3483 85.5523 265.435
126900 87.7252 92.2466 85.5642 265.536
127000 87.8497 92.3062 85.5997 265.756
127100 87.9429 92.1959 85.6356 265.774
127200 88.0439 92.0956 85.7573 265.897
127300 88.1066 92.0679 85.7567 265.931
127400 88.2369 91.9754 85.9151 266.127
127500 88.2713 92.0823 86.1031 266.457
127600 88.3789 92.0098 86.1574 266.546
127700 88.3161 92.1744 86.1795 266.67
127800 88.451 92.0167 86.2054 266.673
127900 88.4947 91.9748 86.235 266.704
128000 88.5566 92.0561 86.2959 266.909
128100 88.5465 92.2407 86.4298 267.217
128200 88.4628 92.4301 86.4532 267.346
128300 88.5711 92.3302 86.5923 267.494
128400 88.6595 92.3893 86.7354 267.784
128500 88.8014 92.4947 86.736 268.032
128600 88.9245 92.4894 86.8108 268.225
128700 89.2512 92.6192 86.7955 268.666
128800 89.3188 92.8936 86.8416 269.054
128900 89.3568 92.9111 87.0253 269.293
129000 89.3332 92.9468 86.913 269.193
129100 89.5047 92.9979 86.9487 269.451
129200 89.6951 93.074 86.7947 269.564
129300 89.8548 93.0827 86.6903 269.628
129400 89.8453 92.9829 86.795 269.623
129500 90.0146 92.9281 86.9102 269.853
129600 90.1208 93.0971 87.0041 270.222
129700 90.2315 93.0708 86.8838 270.186
129800 90.3239 93.0624 86.8609 270.247
129900 90.3558 93.0985 86.8365 270.291
130000 90.3431 92.8821 86.9651 270.19
130100 90.3969 92.783 86.9808 270.161
130200 90.5842 92.8884 86.9806 270.453
130300 90.6764 92.8962 86.951 270.524
130400 90.5682 93.0068 86.9297 270.505
130500 90.4846 93.1939 86.9991 270.678
130600 90.4704 93.1414 87.0905 270.702
130700 90.5801 93.2551 87.2807 271.116
130800 90.5883 93.361 87.3463 271.296
130900 90.828 93.4412 87.277 271.546
131000 91.0871 93.4074 87.3023 271.797
131100 91.0741 93.4273 87.2719 271.773
131200 91.1131 93.5167 87.4186 272.048
131300 91.1751 93.5589 87.3443 272.078
131400 91.1934 93.3836 87.3804 271.957
131500 91.2505 93.3832 87.102 271.736
131600 91.332 93.2686 86.9544 271.555
131700 91.3919 93.2397 87.1533 271.785
131800 91.6998 93.1428 87.2229 272.066
131900 91.7503 93.2779 87.3127 272.341
132000 91.8079 93.3414 87.3093 272.459
132100 91.8608 93.3613 87.3065 272.529
132200 91.8075 93.3255 87.1444 272.277
132300 91.8514 93.4892 87.2492 272.59
132400 91.9315 93.6507 87.45 273.032
132500 91.9523 93.6948 87.5284 273.175
132600 91.9395 93.5899 87.5394 273.069
132700 92.0733 93.5156 87.5108 273.1
132800 92.0192 93.5293 87.7127 273.261
132900 91.9587 93.5914 87.679 273.229
133000 91.9159 93.5479 87.6195 273.083
133100 91.8761 93.3964 87.6821 272.955
133200 91.7813 93.28 87.9143 272.976
133300 91.9509 93.4865 87.9651 273.402
133400 92.0966 93.5982 88.0882 273.783
133500 92.28 93.6496 88.0896 274.019
133600 92.2503 93.6204 88.122 273.993
133700 92.3498 93.808 88.1479 274.306
133800 92.5316 94.0379 88.1755 274.745
133900 92.5912 93.981 88.1909 274.763
134000 92.618 93.9993 88.3453 274.963
134100 92.7437 94.1192 88.4091 275.272
134200 92.791 94.14 88.5622 275.493
134300 92.8878 94.4409 88.6114 275.94
134400 93.0187 94.5938 88.8403 276.453
134500 93.1846 94.7606 88.8582 276.803
134600 93.2111 94.7852 88.9486 276.945
134700 93.1668 94.9623 89.0956 277.225
134800 93.3811 95.1524 89.4009 277.934
134900 93.5283 95.1685 89.3108 278.008
135000 93.6776 95.0189 89.3929 278.089
135100 93.4987 95.1207 89.4065 278.026
135200 93.6053 95.1183 89.5102 278.234
135300 93.7317 95.1593 89.5988 278.49
135400 93.7783 95.2585 89.6672 278.704
135500 93.867 95.2394 89.851 278.957
135600 93.7934 95.3192 89.9252 279.038
135700 93.7928 95.3513 90.0113 279.155
135800 93.9516 95.4704 90.1037 279.526
135900 93.9634 95.4305 90.1487 279.543
136000 94.0352 95.5114 90.1701 279.717
136100 93.8787 95.8115 90.214 279.904
136200 93.9668 95.7941 90.2512 280.012
136300 94.1549 95.9422 90.3173 280.414
136400 94.1786 96.0174 90.2908 280.487
136500 94.039 96.0286 90.3289 280.396
136600 94.1595 96.1603 90.2816 280.601
136700 94.1583 96.2212 90.5941 280.974
136800 94.2842 96.2338 90.4666 280.985
136900 94.4648 96.2528 90.5369 281.254
137000 94.3655 96.2556 90.5256 281.147
137100 94.4589 96.3439 90.6389 281.442
137200 94.6315 96.3427 90.5367 281.511
137300 94.7334 96.2865 90.7559 281.776
137400 94.8829 96.4495 90.8818 282.214
137500 95.0268 96.5022 90.8286 282.357
137600 95.0333 96.6021 90.9053 282.541
137700 94.9934 96.7479 91.0488 282.79
137800 95.1041 96.8695 91.0246 282.998
137900 95.0274 96.9297 91.1817 283.139
138000 95.1733 96.9326 91.2399 283.346
138100 95.3171 97.0798 90.9882 283.385
138200 95.3072 97.1661 91.033 283.506
138300 95.3988 97.3089 91.0083 283.716
138400 95.5157 97.3982 91.059 283.973
138500 95.7062 97.4782 91.2142 284.399
138600 95.65 97.5607 91.2212 284.432
138700 95.7326 97.5736 91.4968 284.803
138800 95.7384 97.4907 91.5894 284.818
138900 95.7362 97.5563 91.6059 284.898
139000 95.7856 97.4636 91.5939 284.843
139100 95.6614 97.3857 91.4335 284.481
139200 95.6367 97.3962 91.5059 284.539
139300 95.6591 97.5302 91.722 284.911
139400 95.6141 97.6877 91.6901 284.992
139500 95.4332 97.8668 91.699 284.999
139600 95.6107 97.8794 91.8896 285.38
139700 95.8574 97.8985 91.9459 285.702
139800 95.7238 97.8687 92.1353 285.728
139900 95.8476 97.9873 92.1995 286.034
140000 95.9419 97.8299 92.2009 285.973
140100 96.0726 97.8829 92.3406 286.296
140200 96.1302 97.7957 92.2915 286.217
140300 96.2205 97.8602 92.5507 286.631
140400 96.3168 97.7775 92.4864 286.581
140500 96.249 97.7621 92.6663 286.677
140600 96.3675 97.6843 92.7028 286.755
140700 96.3094 97.6705 92.9318 286.912
140800 96.3881 97.6096 93.1086 287.106
140900 96.5448 97.8451 93.2465 287.636
141000 96.7271 97.9226 93.404 288.054
141100 96.7828 97.9829 93.5121 288.278
141200 96.9673 98.0753 93.6576 288.7
141300 96.9915 98.0948 93.84 288.926
141400 97.1233 98.0618 94.1522 289.337
141500 96.8579 98.1478 94.2481 289.254
141600 97.0246 98.0042 94.001 289.03
141700 97.3051 98.2445 94.0764 289.626
141800 97.3194 98.3746 94.0889 289.783
141900 97.4222 98.4749 94.3334 290.23
142000 97.6068 98.6218 94.4966 290.725
142100 97.6453 98.5282 94.4909 290.664
142200 97.8869 98.6731 94.7882 291.348
142300 97.9991 98.698 94.8894 291.586
142400 98.2522 99.0401 94.9782 292.27
142500 98.0071 98.9803 95.2081 292.196
142600 98.0654 99.2332 95.4342 292.733
142700 98.117 99.477 95.8113 293.405
142800 98.1329 99.5339 95.7847 293.451
142900 98.2178 99.7553 95.8081 293.781
143000 98.2999 99.8291 95.7463 293.875
143100 98.3824 99.8744 95.7373 293.994
143200 98.3376 99.8108 95.8962 294.045
143300 98.3268 99.7159 95.8226 293.865
143400 98.5289 99.8979 95.9639 294.391
143500 98.4571 99.9679 95.9849 294.41
143600 98.6106 100.018 95.9855 294.615
143700 98.6449 100.047 96.0345 294.727
143800 98.6808 100.094 96.0135 294.788
143900 98.6187 100.093 96.0941 294.806
144000 98.6483 100.068 96.115 294.831
144100 98.7724 100.148 96.2376 295.158
144200 98.6732 100.338 96.3623 295.374
144300 98.8154 100.506 96.6236 295.945
144400 98.8883 100.342 96.6594 295.89
144500 99.1226 100.525 96.5698 296.218
144600 99.0925 100.757 96.4331 296.283
144700 99.1116 100.764 96.4322 296.308
144800 99.2095 100.835 96.4195 296.464
144900 99.4093 100.721 96.2804 296.411
145000 99.4893 100.594 96.1845 296.268
145100 99.4802 100.828 96.0847 296.393
145200 99.5311 100.945 95.9738 296.449
145300 99.4675 100.966 95.8397 296.273
145400 99.6863 101.072 96.1934 296.951
145500 99.9897 101.111 96.1469 297.248
145600 100.093 101.081 96.1216 297.295
145700 100.165 101.118 96.1719 297.455
145800 100.411 101.091 96.3372 297.84
145900 100.242 101.089 96.4122 297.743
146000 100.215 101.067 96.4174 297.699
146100 100.472 101.146 96.5077 298.126
146200 100.398 101.168 96.5937 298.159
146300 100.507 101.243 96.6712 298.422
146400 100.683 101.311 96.6582 298.653
146500 100.841 101.416 96.7225 298.98
146600 100.694 101.634 96.8338 299.162
146700 100.866 101.639 96.8774 299.382
146800 101.025 101.732 96.8166 299.573
146900 100.895 101.814 96.8169 299.526
147000 100.897 101.925 96.8027 299.625
147100 100.971 102.005 96.8776 299.854
147200 101.075 101.937 96.8479 299.86
147300 101.094 101.943 97.1001 300.137
147400 101.22 102.077 96.955 300.251
147500 101.303 102.255 97.2042 300.762
147600 101.127 102.069 97.2443 300.44
147700 101.167 102.01 97.3628 300.54
147800 101.276 102.168 97.3564 300.801
147900 101.413 102.289 97.387 301.089
148000 101.542 102.453 97.4441 301.439
148100 101.606 102.485 97.5435 301.634
148200 101.681 102.562 97.5817 301.825
148300 101.705 102.68 97.7554 302.14
148400 101.744 102.728 97.6797 302.151
148500 101.9 102.798 97.8844 302.583
148600 101.942 102.891 97.9102 302.744
148700 102.12 103.12 97.8536 303.094
148800 102.355 103.21 97.78 303.345
148900 102.408 103.293 97.8035 303.504
149000 102.371 103.35 97.8596 303.581
149100 102.324 103.767 98.1301 304.221
149200 102.451 103.894 98.3408 304.686
149300 102.699 104.063 98.5635 305.325
149400 102.781 104.068 98.6206 305.47
149500 102.667 103.911 98.7643 305.342
149600 102.586 104.174 98.7635 305.523
149700 102.757 104.144 98.8607 305.762
149800 102.722 104.204 98.9853 305.911
149900 102.783 104.093 98.9968 305.872
150000 102.657 104.191 98.9222 305.77
150100 102.682 104.338 98.9705 305.991
150200 102.714 104.475 98.8114 306
150300 102.929 104.566 98.7755 306.27
150400 102.927 104.398 98.9947 306.319
150500 103.113 104.384 99.1404 306.637
150600 103.111 104.362 99.17 306.643
150700 103.273 104.32 99.2315 306.824
150800 103.408 104.403 99.2149 307.026
150900 103.297 104.469 99.4862 307.252
151000 103.18 104.534 99.4858 307.199
151100 103.332 104.562 99.5053 307.399
151200 103.569 104.525 99.6767 307.771
151300 103.687 104.576 99.7103 307.974
151400 103.706 104.684 99.6081 307.997
151500 103.742 104.824 99.6735 308.24
151600 104.034 104.897 99.555 308.486
151700 104.073 104.999 99.763 308.835
151800 104.175 104.863 100.048 309.086
151900 104.158 104.837 100.238 309.234
152000 104.304 104.845 100.265 309.413
152100 104.431 104.71 100.482 309.623
152200 104.623 104.711 100.533 309.867
152300 104.752 104.675 100.533 309.96
152400 104.842 104.888 100.713 310.443
152500 105.001 104.902 100.387 310.29
152600 105.216 105.039 100.342 310.597
152700 105.368 104.993 100.294 310.655
152800 105.286 105.045 100.25 310.582
152900 105.381 105.096 100.443 310.92
153000 105.238 105.288 100.49 311.016
153100 105.415 105.524 100.507 311.446
153200 105.542 105.504 100.62 311.665
153300 105.676 105.272 100.782 311.73
153400 105.612 105.258 100.781 311.651
153500 105.849 105.431 100.68 311.959
153600 105.975 105.656 101.02 312.65
153700 106.186 105.81 101.145 313.142
153800 106.226 105.683 101.307 313.216
153900 106.238 105.798 101.384 313.42
154000 106.351 105.794 101.543 313.688
154100 106.577 105.799 101.491 313.867
154200 106.779 105.862 101.481 314.122
154300 106.645 105.64 101.63 313.915
154400 106.817 105.886 101.702 314.406
154500 106.934 106.104 101.925 314.963
154600 106.801 106.095 102.033 314.93
154700 106.893 106.233 102.174 315.3
154800 107.024 106.185 102.347 315.556
154900 107.06 106.163 102.544 315.767
155000 107.285 106.331 102.673 316.288
155100 107.348 106.515 102.631 316.495
155200 107.454 106.739 102.737 316.93
155300 107.516 106.687 102.861 317.064
155400 107.573 106.732 103.108 317.413
155500 107.677 106.638 103.162 317.477
155600 107.608 106.508 103.09 317.207
155700 107.765 106.673 103.184 317.621
155800 107.908 106.619 103.061 317.588
155900 107.964 106.741 103.166 317.871
156000 108.191 106.794 103.117 318.103
156100 108.224 106.773 103.207 318.204
156200 108.301 106.728 103.393 318.422
156300 108.349 106.9 103.409 318.657
156400 108.268 107.043 103.626 318.937
156500 108.441 107.293 103.755 319.49
156600 108.388 107.34 104.045 319.773
156700 108.476 107.543 104.248 320.268
156800 108.577 107.64 104.28 320.496
156900 108.708 107.772 104.332 320.811
157000 108.703 107.898 104.394 320.995
157100 108.543 107.896 104.423 320.862
157200 108.857 107.938 104.534 321.329
157300 109.138 108.099 104.563 321.801
157400 109.177 107.997 104.653 321.827
157500 109.336 108.017 104.926 322.279
157600 109.539 108.099 104.95 322.589
157700 109.496 108.187 104.88 322.563
157800 109.58 108.42 104.843 322.843
157900 109.701 108.661 104.964 323.325
158000 109.738 108.723 105.095 323.556
158100 109.77 108.795 105.315 323.88
158200 109.91 109.06 105.478 324.448
158300 110.04 109.308 105.68 325.028
158400 110.253 109.288 105.628 325.169
158500 110.346 109.107 105.825 325.278
158600 110.513 109.09 106.125 325.728
158700 110.662 109.244 106.281 326.187
158800 110.944 109.048 106.42 326.412
158900 110.962 109.065 106.364 326.391
159000 111.01 109.263 106.446 326.718
159100 110.902 109.331 106.591 326.823
159200 111.127 109.42 106.658 327.204
159300 111.251 109.599 106.694 327.545
159400 111.248 109.561 106.669 327.478
159500 111.162 109.574 106.614 327.35
159600 111.299 109.525 106.613 327.437
159700 111.478 109.576 106.593 327.648
159800 111.621 109.806 106.615 328.041
159900 111.608 110.13 106.642 328.38
160000 111.593 110.132 106.511 328.235
160100 111.728 110.442 106.456 328.626
160200 111.706 110.323 106.732 328.761
160300 111.692 110.404 106.647 328.744
160400 111.749 110.228 106.72 328.696
160500 111.702 110.144 106.886 328.732
160600 111.799 110.246 106.84 328.885
160700 111.814 110.488 106.852 329.153
160800 111.958 110.529 106.862 329.349
160900 111.94 110.825 106.948 329.713
161000 111.956 110.777 107.04 329.774
161100 112.124 110.862 107.185 330.171
161200 112.128 111.042 107.296 330.466
161300 112.205 111.156 107.202 330.564
161400 112.081 111.345 107.195 330.622
161500 112.288 111.606 107.195 331.089
161600 112.131 111.735 107.3 331.166
161700 112.313 111.81 107.326 331.449
161800 112.261 111.951 107.626 331.838
161900 112.368 112.063 107.494 331.925
162000 112.483 112.18 107.411 332.074
162100 112.508 112.197 107.463 332.168
162200 112.568 112.491 107.641 332.7
162300 112.695 112.545 107.846 333.086
162400 112.921 112.532 108.086 333.539
162500 113.027 112.612 108.25 333.889
162600 113.338 112.599 108.244 334.18
162700 113.465 112.737 108.262 334.464
162800 113.378 113.053 108.546 334.976
162900 113.172 112.981 108.657 334.81
163000 113.345 113.266 108.737 335.348
163100 113.283 113.42 108.781 335.485
163200 113.259 113.485 108.895 335.639
163300 113.598 113.636 108.949 336.184
163400 113.721 113.66 109.228 336.609
163500 113.764 113.567 109.344 336.675
163600 113.927 113.525 109.604 337.056
163700 114.063 113.682 109.845 337.589
163800 114.049 113.693 109.911 337.653
163900 114.238 113.704 109.838 337.78
164000 114.209 113.858 110.011 338.078
164100 114.019 114.018 110.205 338.242
164200 113.934 114.159 110.11 338.202
164300 113.998 114.349 110.102 338.449
164400 114.037 114.569 110.116 338.723
164500 114.18 114.568 110.051 338.799
164600 114.406 114.624 110.187 339.217
164700 114.516 114.781 110.298 339.596
164800 114.618 114.676 110.448 339.742
164900 114.724 114.644 110.131 339.499
165000 114.682 114.723 110.219 339.624
165100 114.571 114.711 110.378 339.659
165200 114.664 114.717 110.384 339.766
165300 114.694 114.89 110.229 339.814
165400 114.568 114.931 110.239 339.738
165500 114.626 114.736 110.245 339.607
165600 114.549 114.876 110.258 339.683
165700 114.754 115.036 110.291 340.082
165800 114.815 115.122 110.105 340.041
165900 115.018 115.296 110.456 340.77
166000 115.133 115.245 110.327 340.705
166100 115.151 115.38 110.547 341.078
166200 115.094 115.53 110.777 341.401
166300 115.31 115.551 110.973 341.835
166400 115.304 115.593 111.111 342.008
166500 115.475 115.711 111.315 342.502
166600 115.586 115.858 111.46 342.904
166700 115.484 115.686 111.432 342.602
166800 115.485 115.885 111.52 342.89
166900 115.63 115.736 111.554 342.921
167000 115.497 115.998 111.554 343.049
167100 115.488 115.976 111.655 343.119
167200 115.442 115.908 111.576 342.926
167300 115.323 116.1 111.634 343.057
167400 115.373 115.994 111.774 343.141
167500 115.444 115.773 111.764 342.981
167600 115.466 115.996 111.936 343.398
167700 115.414 115.873 112.045 343.331
167800 115.361 116.001 111.907 343.269
167900 115.384 116.2 112.108 343.691
168000 115.405 116.368 112.084 343.857
168100 115.377 116.444 112.009 343.829
168200 115.573 116.569 111.998 344.14
168300 115.586 116.505 112.16 344.252
168400 115.736 116.394 112.404 344.533
168500 115.76 116.502 112.56 344.822
168600 115.845 116.614 112.743 345.201
168700 115.809 116.853 112.894 345.556
168800 115.738 117.002 112.961 345.7
168900 115.774 116.952 112.962 345.688
169000 115.7 116.821 113.093 345.614
169100 115.912 116.82 112.993 345.725
169200 115.75 117.023 112.97 345.743
169300 115.761 116.924 112.931 345.616
169400 115.752 117.208 113.08 346.04
169500 115.758 117.384 113.021 346.163
169600 115.823 117.459 113.133 346.415
169700 115.713 117.6 113.211 346.524
169800 115.871 117.715 113.36 346.946
169900 116.04 117.576 113.615 347.231
170000 115.99 117.79 113.763 347.543
170100 116.062 117.868 113.888 347.818
170200 115.998 117.902 113.938 347.838
170300 115.947 117.972 114.079 347.999
170400 115.973 117.952 114.195 348.121
170500 115.88 117.904 114.366 348.151
170600 116.068 118.077 114.238 348.383
170700 116.135 118.166 114.236 348.536
170800 116.346 118.324 114.239 348.908
170900 116.323 118.336 114.201 348.86
171000 116.511 118.339 114.467 349.317
171100 116.619 118.385 114.53 349.534
171200 116.769 118.389 114.568 349.726
171300 116.785 118.348 114.777 349.91
171400 116.832 118.396 114.783 350.011
171500 116.868 118.482 114.721 350.071
171600 116.895 118.506 114.91 350.31
171700 117.145 118.483 114.826 350.454
171800 117.37 118.562 114.666 350.597
171900 117.487 118.515 114.5 350.502
172000 117.664 118.516 114.524 350.704
172100 117.93 118.465 114.545 350.94
172200 118.18 118.637 114.599 351.416
172300 118.236 118.649 114.779 351.664
172400 118.34 118.779 114.809 351.929
172500 118.377 118.916 114.972 352.265
172600 118.36 118.967 115.069 352.395
172700 118.425 119.157 115.104 352.686
172800 118.439 118.859 115.158 352.457
172900 118.463 118.774 115.015 352.252
173000 118.701 119.131 114.892 352.725
173100 118.743 119.223 115.173 353.139
173200 118.842 119.307 115.252 353.401
173300 118.974 119.417 115.249 353.64
173400 119.013 119.42 115.345 353.777
173500 119.068 119.441 115.208 353.718
173600 119.231 119.492 115.183 353.906
173700 119.296 119.486 115.299 354.081
173800 119.358 119.355 115.243 353.956
173900 119.414 119.339 115.368 354.121
174000 119.437 119.407 115.63 354.474
174100 119.446 119.422 115.65 354.518
174200 119.539 119.586 115.656 354.781
174300 119.563 119.613 115.759 354.936
174400 119.722 119.699 115.548 354.97
174500 119.902 119.756 115.604 355.261
174600 120.166 119.666 115.46 355.292
174700 120.268 119.697 115.684 355.649
174800 120.274 119.765 115.901 355.94
174900 120.16 119.939 116.017 356.116
175000 119.924 119.786 116.047 355.757
175100 119.965 119.807 116.118 355.89
175200 120.084 119.916 116.092 356.092
175300 120.003 120.112 116.189 356.303
175400 120.082 120.344 116.25 356.676
175500 120.271 120.403 116.262 356.936
175600 120.33 120.674 116.436 357.44
175700 120.307 120.818 116.612 357.737
175800 120.456 120.81 116.624 357.891
175900 120.61 121.092 116.648 358.349
176000 120.72 121.11 116.903 358.733
176100 120.844 121.226 117.029 359.099
176200 120.871 121.079 117.189 359.14
176300 120.741 121.132 117.071 358.944
176400 120.783 121.409 117.228 359.42
176500 120.725 121.423 117.08 359.227
176600 120.739 121.619 117.321 359.679
176700 120.87 121.694 117.331 359.895
176800 121.142 121.707 117.364 360.214
176900 121.441 121.641 117.454 360.536
177000 121.646 121.823 117.854 361.323
177100 121.722 121.853 117.843 361.417
177200 121.714 121.906 117.875 361.496
177300 121.758 121.791 117.834 361.382
177400 121.744 122.068 117.89 361.701
177500 121.638 122.265 117.98 361.884
177600 121.528 122.237 117.953 361.718
177700 121.461 122.348 118.104 361.913
177800 121.805 122.462 118.131 362.398
177900 121.957 122.493 118.176 362.626
178000 122.003 122.467 118.349 362.819
178100 122.056 122.475 118.62 363.151
178200 121.983 122.492 118.749 363.224
178300 122.173 122.693 118.965 363.831
178400 122.337 122.968 119.075 364.38
178500 122.33 122.974 119.287 364.591
178600 122.202 123.086 119.243 364.532
178700 122.24 123.396 119.31 364.946
178800 122.209 123.55 119.323 365.083
178900 122.294 123.655 119.413 365.362
179000 122.607 123.808 119.426 365.841
179100 122.895 123.8 119.355 366.05
179200 123.106 123.829 119.351 366.286
179300 123.209 123.903 119.584 366.696
179400 123.403 123.969 119.735 367.108
179500 123.338 123.968 119.658 366.965
179600 123.327 124.28 119.678 367.286
179700 123.469 124.208 119.67 367.347
179800 123.63 124.253 119.771 367.654
179900 123.597 124.215 119.743 367.555
180000 123.831 124.232 120.08 368.143
180100 123.804 124.297 120.209 368.31
180200 123.773 124.223 120.343 368.339
180300 123.609 124.201 120.245 368.055
180400 123.748 124.377 120.357 368.482
180500 123.519 124.493 120.345 368.357
180600 123.464 124.61 120.37 368.445
180700 123.607 124.644 120.347 368.598
180800 123.657 124.91 120.434 369.001
180900 123.704 125.004 120.415 369.123
181000 123.653 125.245 120.623 369.522
181100 123.596 125.294 120.681 369.571
181200 123.679 125.465 120.746 369.89
181300 123.996 125.865 120.854 370.716
181400 124.109 125.938 120.869 370.917
181500 124.081 125.942 120.99 371.013
181600 124.106 125.994 121.069 371.169
181700 123.756 125.988 121.206 370.95
181800 123.875 125.885 121.36 371.12
181900 123.738 125.913 121.488 371.139
182000 123.853 125.773 121.285 370.911
182100 123.997 125.678 121.226 370.901
182200 124.053 125.443 121.656 371.152
182300 123.979 125.376 121.891 371.246
182400 123.929 125.545 122.241 371.716
182500 124.137 125.622 122.284 372.043
182600 124.308 125.472 122.307 372.087
182700 124.396 125.744 122.544 372.685
182800 124.408 125.795 122.596 372.799
182900 124.605 125.881 122.611 373.097
183000 124.764 126.034 122.632 373.43
183100 124.716 126.104 122.602 373.421
183200 124.953 126.3 122.745 373.999
183300 125.031 126.5 122.804 374.336
183400 125.013 126.493 122.836 374.342
183500 125.315 126.556 123.186 375.056
183600 125.402 126.532 123.419 375.353
183700 125.683 126.502 123.552 375.737
183800 125.825 126.516 123.595 375.936
183900 126.059 126.709 123.459 376.227
184000 125.942 126.731 123.323 375.996
184100 126.255 126.827 123.372 376.455
184200 126.124 126.889 123.367 376.38
184300 126.26 126.924 123.517 376.701
184400 126.273 127.022 123.655 376.949
184500 126.195 127.261 123.841 377.297
184600 126.386 127.418 123.733 377.538
184700 126.613 127.578 123.805 377.997
184800 126.483 127.579 124.093 378.156
184900 126.705 127.516 124.131 378.351
185000 126.616 127.541 124.297 378.454
185100 126.607 127.442 124.385 378.435
185200 126.63 127.594 124.585 378.809
185300 126.727 127.783 124.675 379.185
185400 126.848 127.842 124.894 379.584
185500 126.922 128.008 124.886 379.816
185600 126.94 128.036 124.96 379.935
185700 127.19 127.975 125.098 380.264
185800 127.327 127.997 125.253 380.577
185900 127.334 128.016 125.275 380.626
186000 127.541 127.969 125.363 380.872
186100 127.721 128.187 125.511 381.419
186200 127.753 128.158 125.546 381.458
186300 127.95 128.197 125.692 381.84
186400 127.874 128.215 125.635 381.723
186500 127.955 128.17 125.629 381.754
186600 128.18 128.164 125.634 381.977
186700 128.206 128.321 125.345 381.872
186800 128.386 128.295 125.651 382.333
186900 128.616 128.374 125.893 382.884
187000 128.603 128.486 126.028 383.117
187100 128.678 128.399 125.972 383.049
187200 128.932 128.512 126.02 383.464
187300 129.052 128.405 125.947 383.403
187400 129.045 128.165 126.075 383.285
187500 129.156 128.348 126.137 383.641
187600 129.308 128.422 126.038 383.767
187700 129.546 128.479 126.108 384.133
187800 129.714 128.408 125.991 384.113
187900 129.798 128.443 126.36 384.601
188000 129.851 128.482 126.248 384.581
188100 130.099 128.301 126.323 384.723
188200 130.189 128.328 126.606 385.123
188300 130.088 128.42 126.582 385.09
188400 130.245 128.488 126.546 385.278
188500 130.324 128.444 126.573 385.341
188600 130.313 128.346 126.651 385.31
188700 130.379 128.339 126.798 385.516
188800 130.229 128.467 127.055 385.751
188900 130.613 128.431 127.03 386.074
189000 130.669 128.567 127.216 386.453
189100 130.525 128.604 127.466 386.596
189200 130.125 128.74 127.469 386.334
189300 129.995 128.909 127.506 386.41
189400 130.162 128.822 127.571 386.555
189500 130.202 128.773 127.723 386.698
189600 130.301 128.859 127.777 386.937
189700 130.517 128.911 127.805 387.232
189800 130.643 129.091 127.864 387.598
189900 130.526 129.059 127.856 387.441
190000 130.54 129.138 128.204 387.882
190100 130.647 129.035 128.094 387.777
190200 130.711 129.092 128.185 387.989
190300 130.885 129.191 128.23 388.306
190400 130.834 129.261 128.317 388.412
190500 130.752 129.361 128.485 388.599
190600 130.796 129.37 128.548 388.715
190700 130.83 129.436 128.653 388.918
190800 130.998 129.449 129.056 389.503
190900 130.892 129.472 129.299 389.664
191000 130.863 129.516 129.631 390.01
191100 130.837 129.555 129.572 389.963
191200 131.028 129.867 129.608 390.503
191300 131.334 129.913 129.795 391.042
191400 131.418 130.053 129.84 391.312
191500 131.558 130.057 129.973 391.587
191600 131.758 130.289 130.205 392.252
191700 131.971 130.458 130.092 392.52
191800 132.128 130.348 130.353 392.828
191900 131.998 130.446 130.393 392.837
192000 132.179 130.273 130.312 392.764
192100 132.242 130.147 130.493 392.883
192200 132.149 130.127 130.364 392.64
192300 131.945 130.077 130.577 392.6
192400 131.996 130.11 130.624 392.73
192500 132.228 130.194 130.568 392.99
192600 132.346 130.192 130.658 393.196
192700 132.611 130.07 130.776 393.457
192800 132.93 130.093 131.01 394.033
192900 132.867 130.14 131.329 394.336
193000 132.832 130.406 131.316 394.554
193100 133.026 130.516 131.606 395.147
193200 133.245 130.912 131.413 395.569
193300 133.463 131.127 131.564 396.154
193400 133.637 131.209 131.39 396.236
193500 133.801 131.167 131.581 396.549
193600 133.829 131.363 131.468 396.661
193700 134.062 131.465 131.442 396.97
193800 134.194 131.566 131.752 397.512
193900 133.951 131.77 131.943 397.664
194000 133.725 131.839 131.836 397.4
194100 133.934 132.035 131.748 397.717
194200 134.123 131.93 131.756 397.809
194300 134.095 131.836 131.983 397.914
194400 134.217 131.902 132.117 398.236
194500 134.173 131.864 132.25 398.287
194600 134.363 131.829 131.956 398.148
194700 134.519 131.772 131.946 398.236
194800 134.614 131.887 132.139 398.64
194900 134.521 131.973 132.289 398.783
195000 134.516 131.976 132.535 399.027
195100 134.451 132.171 132.621 399.243
195200 134.523 132.259 132.786 399.568
195300 134.656 132.313 132.895 399.865
195400 134.82 132.364 133.008 400.192
195500 135.087 132.382 132.873 400.341
195600 135.262 132.225 132.837 400.324
195700 135.244 132.076 132.823 400.143
195800 135.409 132.397 132.844 400.65
195900 135.514 132.683 133.118 401.315
196000 135.592 132.742 133.359 401.693
196100 135.869 132.853 133.461 402.182
196200 136.157 132.912 133.633 402.702
196300 136.356 133.027 133.759 403.141
196400 136.443 133.401 133.78 403.624
196500 136.527 133.235 133.899 403.66
196600 136.497 133.139 133.853 403.489
196700 136.587 133.228 133.721 403.536
196800 136.777 133.341 133.881 403.999
196900 136.984 133.562 133.858 404.405
197000 137.293 133.612 133.809 404.714
197100 137.461 133.653 133.819 404.933
197200 137.486 133.631 133.841 404.959
197300 137.512 133.361 133.866 404.738
197400 137.613 133.388 133.851 404.853
197500 137.969 133.557 133.755 405.282
197600 137.988 133.896 133.917 405.801
197700 137.977 133.967 134.053 405.997
197800 138.219 134.166 134.143 406.528
197900 138.216 134.319 134.228 406.763
198000 138.223 134.305 134.228 406.756
198100 138.468 134.119 134.343 406.931
198200 138.552 134.232 134.543 407.327
198300 138.486 134.301 134.666 407.454
198400 138.553 134.248 134.986 407.787
198500 138.679 134.496 135.067 408.241
198600 138.66 134.71 134.919 408.29
198700 138.623 134.837 135.072 408.532
198800 138.696 135.02 135.251 408.967
198900 138.753 134.944 135.271 408.968
199000 138.705 134.919 135.251 408.875
199100 138.528 134.865 135.604 408.997
199200 138.575 134.757 135.764 409.096
199300 138.545 134.767 136.029 409.341
199400 138.766 134.925 136.117 409.808
199500 138.869 134.932 136.258 410.059
199600 138.877 134.862 136.228 409.967
199700 138.897 134.856 136.274 410.028
199800 139.08 134.908 136.259 410.247
199900 139.327 135.084 136.41 410.821
200000 139.479 135.235 136.366 411.08
200100 139.472 135.616 136.287 411.376
200200 139.605 135.575 136.224 411.404
200300 139.843 135.444 136.275 411.563
200400 139.846 135.656 136.396 411.897
200500 140.111 135.585 136.487 412.184
200600 140.142 135.442 136.826 412.41
200700 140.127 135.633 136.837 412.597
200800 140.207 135.683 136.777 412.666
200900 140.344 135.754 136.814 412.912
201000 140.084 135.545 136.986 412.615
201100 140.276 135.907 136.693 412.876
201200 140.371 135.729 136.674 412.774
201300 140.575 135.709 136.616 412.899
201400 140.682 135.737 136.937 413.355
201500 140.798 136.025 137.141 413.964
201600 140.879 136.343 137.276 414.497
201700 140.999 136.477 137.401 414.877
201800 140.975 136.553 137.178 414.706
201900 141.062 136.475 137.241 414.778
202000 141.285 136.315 137.283 414.884
202100 141.369 136.353 137.472 415.194
202200 141.416 136.4 137.728 415.544
