# Time-averaged data for fix FRDF
# TimeStep Number-of-rows
# Row c_CRDF[1] c_CRDF[2] c_CRDF[3]
10000 200
1 0.00625 0 0
2 0.01875 0 0
3 0.03125 0 0
4 0.04375 0 0
5 0.05625 0 0
6 0.06875 0 0
7 0.08125 0 0
8 0.09375 0 0
9 0.10625 0 0
10 0.11875 0 0
11 0.13125 0 0
12 0.14375 0 0
13 0.15625 0 0
14 0.16875 0 0
15 0.18125 0 0
16 0.19375 0 0
17 0.20625 0 0
18 0.21875 0 0
19 0.23125 0 0
20 0.24375 0 0
21 0.25625 0 0
22 0.26875 0 0
23 0.28125 0 0
24 0.29375 0 0
25 0.30625 0 0
26 0.31875 0 0
27 0.33125 0 0
28 0.34375 0 0
29 0.35625 0 0
30 0.36875 0 0
31 0.38125 0 0
32 0.39375 0 0
33 0.40625 0 0
34 0.41875 0 0
35 0.43125 0 0
36 0.44375 0 0
37 0.45625 0 0
38 0.46875 0 0
39 0.48125 0 0
40 0.49375 0 0
41 0.50625 0 0
42 0.51875 0 0
43 0.53125 0 0
44 0.54375 0 0
45 0.55625 0 0
46 0.56875 0 0
47 0.58125 0 0
48 0.59375 0 0
49 0.60625 0 0
50 0.61875 0 0
51 0.63125 0 0
52 0.64375 0 0
53 0.65625 0 0
54 0.66875 0 0
55 0.68125 0 0
56 0.69375 0 0
57 0.70625 0 0
58 0.71875 0 0
59 0.73125 0 0
60 0.74375 0 0
61 0.75625 0 0
62 0.76875 0 0
63 0.78125 0 0
64 0.79375 0 0
65 0.80625 0 0
66 0.81875 0 0
67 0.83125 0 0
68 0.84375 0 0
69 0.85625 0 0
70 0.86875 0 0
71 0.88125 0.00100114 9.76563e-05
72 0.89375 0.00194667 0.000292969
73 0.90625 0.00473336 0.00078125
74 0.91875 0.0267115 0.00361328
75 0.93125 0.0842735 0.012793
76 0.94375 0.179825 0.0329102
77 0.95625 0.38772 0.0774414
78 0.96875 0.645372 0.153516
79 0.98125 0.964143 0.270117
80 0.99375 1.37148 0.440234
81 1.00625 1.63248 0.647852
82 1.01875 2.04515 0.914453
83 1.03125 2.23786 1.21338
84 1.04375 2.39725 1.54141
85 1.05625 2.53319 1.89639
86 1.06875 2.59749 2.26904
87 1.08125 2.6628 2.66006
88 1.09375 2.56134 3.04492
89 1.10625 2.54508 3.43613
90 1.11875 2.43883 3.81953
91 1.13125 2.39738 4.20488
92 1.14375 2.23532 4.57217
93 1.15625 2.1035 4.92539
94 1.16875 1.97622 5.26445
95 1.18125 1.90118 5.59766
96 1.19375 1.76773 5.91406
97 1.20625 1.64152 6.21406
98 1.21875 1.59074 6.51084
99 1.23125 1.50168 6.79678
100 1.24375 1.36911 7.06279
101 1.25625 1.35284 7.33096
102 1.26875 1.23744 7.58115
103 1.28125 1.21105 7.83086
104 1.29375 1.10647 8.06348
105 1.30625 1.07765 8.29443
106 1.31875 1.00993 8.51504
107 1.33125 0.982277 8.73369
108 1.34375 0.928779 8.94434
109 1.35625 0.872428 9.1459
110 1.36875 0.881466 9.35332
111 1.38125 0.837465 9.554
112 1.39375 0.832116 9.75703
113 1.40625 0.789081 9.95303
114 1.41875 0.731976 10.1381
115 1.43125 0.751888 10.3315
116 1.44375 0.741163 10.5256
117 1.45625 0.713828 10.7157
118 1.46875 0.678303 10.8995
119 1.48125 0.697378 11.0917
120 1.49375 0.681225 11.2826
121 1.50625 0.654544 11.4691
122 1.51875 0.687634 11.6684
123 1.53125 0.656558 11.8617
124 1.54375 0.649231 12.0561
125 1.55625 0.670625 12.2601
126 1.56875 0.659664 12.464
127 1.58125 0.646788 12.6671
128 1.59375 0.657803 12.877
129 1.60625 0.659659 13.0907
130 1.61875 0.680072 13.3146
131 1.63125 0.693649 13.5464
132 1.64375 0.649472 13.7668
133 1.65625 0.70206 14.0087
134 1.66875 0.729274 14.2638
135 1.68125 0.733874 14.5243
136 1.69375 0.758044 14.7975
137 1.70625 0.746977 15.0706
138 1.71875 0.747732 15.348
139 1.73125 0.772253 15.6388
140 1.74375 0.790371 15.9406
141 1.75625 0.831844 16.2629
142 1.76875 0.821867 16.5858
143 1.78125 0.860853 16.9289
144 1.79375 0.890701 17.2889
145 1.80625 0.891761 17.6543
146 1.81875 0.934076 18.0424
147 1.83125 0.932497 18.4352
148 1.84375 0.985309 18.8559
149 1.85625 0.990586 19.2846
150 1.86875 1.03237 19.7374
151 1.88125 1.0277 20.1942
152 1.89375 1.05039 20.6674
153 1.90625 1.08801 21.164
154 1.91875 1.08866 21.6674
155 1.93125 1.09567 22.1807
156 1.94375 1.11661 22.7105
157 1.95625 1.10807 23.2432
158 1.96875 1.15924 23.8075
159 1.98125 1.15357 24.3763
160 1.99375 1.19431 24.9726
161 2.00625 1.1955 25.577
162 2.01875 1.19887 26.1906
163 2.03125 1.21299 26.8192
164 2.04375 1.20676 27.4523
165 2.05625 1.21696 28.0986
166 2.06875 1.21574 28.7521
167 2.08125 1.24695 29.4306
168 2.09375 1.20763 30.0955
169 2.10625 1.22436 30.7777
170 2.11875 1.22676 31.4694
171 2.13125 1.19957 32.1538
172 2.14375 1.17463 32.8318
173 2.15625 1.1761 33.5187
174 2.16875 1.1725 34.2113
175 2.18125 1.16923 34.9101
176 2.19375 1.14286 35.6009
177 2.20625 1.16477 36.313
178 2.21875 1.09814 36.992
179 2.23125 1.08665 37.6715
180 2.24375 1.11411 38.376
181 2.25625 1.08164 39.0676
182 2.26875 1.06522 39.7563
183 2.28125 1.05074 40.4431
184 2.29375 1.0473 41.1352
185 2.30625 1.00937 41.8095
186 2.31875 1.01573 42.4954
187 2.33125 0.991847 43.1725
188 2.34375 0.98724 43.8536
189 2.35625 0.959288 44.5226
190 2.36875 0.948775 45.1912
191 2.38125 0.941994 45.8621
192 2.39375 0.94168 46.5398
193 2.40625 0.926147 47.2134
194 2.41875 0.909822 47.8819
195 2.43125 0.885101 48.5391
196 2.44375 0.904191 49.2173
197 2.45625 0.895784 49.8961
198 2.46875 0.894135 50.5806
199 2.48125 0.882244 51.2628
200 2.49375 0.883174 51.9526
20000 200
1 0.00625 0 0
2 0.01875 0 0
3 0.03125 0 0
4 0.04375 0 0
5 0.05625 0 0
6 0.06875 0 0
7 0.08125 0 0
8 0.09375 0 0
9 0.10625 0 0
10 0.11875 0 0
11 0.13125 0 0
12 0.14375 0 0
13 0.15625 0 0
14 0.16875 0 0
15 0.18125 0 0
16 0.19375 0 0
17 0.20625 0 0
18 0.21875 0 0
19 0.23125 0 0
20 0.24375 0 0
21 0.25625 0 0
22 0.26875 0 0
23 0.28125 0 0
24 0.29375 0 0
25 0.30625 0 0
26 0.31875 0 0
27 0.33125 0 0
28 0.34375 0 0
29 0.35625 0 0
30 0.36875 0 0
31 0.38125 0 0
32 0.39375 0 0
33 0.40625 0 0
34 0.41875 0 0
35 0.43125 0 0
36 0.44375 0 0
37 0.45625 0 0
38 0.46875 0 0
39 0.48125 0 0
40 0.49375 0 0
41 0.50625 0 0
42 0.51875 0 0
43 0.53125 0 0
44 0.54375 0 0
45 0.55625 0 0
46 0.56875 0 0
47 0.58125 0 0
48 0.59375 0 0
49 0.60625 0 0
50 0.61875 0 0
51 0.63125 0 0
52 0.64375 0 0
53 0.65625 0 0
54 0.66875 0 0
55 0.68125 0 0
56 0.69375 0 0
57 0.70625 0 0
58 0.71875 0 0
59 0.73125 0 0
60 0.74375 0 0
61 0.75625 0 0
62 0.76875 0 0
63 0.78125 0 0
64 0.79375 0 0
65 0.80625 0 0
66 0.81875 0 0
67 0.83125 0 0
68 0.84375 0 0
69 0.85625 0 0
70 0.86875 0 0
71 0.88125 0.00100114 9.76563e-05
72 0.89375 0 9.76563e-05
73 0.90625 0.00852004 0.000976562
74 0.91875 0.0340802 0.00458984
75 0.93125 0.0905492 0.0144531
76 0.94375 0.187681 0.0354492
77 0.95625 0.340105 0.0745117
78 0.96875 0.653657 0.151562
79 0.98125 0.976255 0.269629
80 0.99375 1.28094 0.428516
81 1.00625 1.68546 0.642871
82 1.01875 2.02642 0.907031
83 1.03125 2.3095 1.21553
84 1.04375 2.47933 1.55479
85 1.05625 2.5548 1.91279
86 1.06875 2.64037 2.2916
87 1.08125 2.58367 2.671
88 1.09375 2.59319 3.06064
89 1.10625 2.56923 3.45557
90 1.11875 2.42454 3.83672
91 1.13125 2.34331 4.21338
92 1.14375 2.26919 4.58623
93 1.15625 2.13025 4.94395
94 1.16875 1.99955 5.28701
95 1.18125 1.86106 5.61318
96 1.19375 1.76937 5.92988
97 1.20625 1.66877 6.23486
98 1.21875 1.56771 6.52734
99 1.23125 1.47911 6.80898
100 1.24375 1.41184 7.0833
101 1.25625 1.30358 7.3417
102 1.26875 1.27125 7.59873
103 1.28125 1.14806 7.83545
104 1.29375 1.09672 8.06602
105 1.30625 1.00429 8.28125
106 1.31875 1.0135 8.50264
107 1.33125 0.939283 8.71172
108 1.34375 0.934377 8.92363
109 1.35625 0.877077 9.12627
110 1.36875 0.871506 9.33135
111 1.38125 0.825647 9.5292
112 1.39375 0.790891 9.72217
113 1.40625 0.831936 9.92881
114 1.41875 0.760946 10.1212
115 1.43125 0.751129 10.3145
116 1.44375 0.722512 10.5036
117 1.45625 0.741325 10.7011
118 1.46875 0.688755 10.8877
119 1.48125 0.689227 11.0776
120 1.49375 0.690285 11.2711
121 1.50625 0.667567 11.4613
122 1.51875 0.658646 11.6521
123 1.53125 0.670485 11.8496
124 1.54375 0.67794 12.0525
125 1.55625 0.652005 12.2509
126 1.56875 0.658085 12.4543
127 1.58125 0.687835 12.6703
128 1.59375 0.66515 12.8825
129 1.60625 0.690397 13.1062
130 1.61875 0.672358 13.3275
131 1.63125 0.655373 13.5466
132 1.64375 0.67796 13.7767
133 1.65625 0.712264 14.0221
134 1.66875 0.714197 14.2719
135 1.68125 0.713519 14.5252
136 1.69375 0.725792 14.7867
137 1.70625 0.770746 15.0686
138 1.71875 0.755102 15.3487
139 1.73125 0.774328 15.6402
140 1.74375 0.798809 15.9453
141 1.75625 0.844952 16.2727
142 1.76875 0.859146 16.6103
143 1.78125 0.851051 16.9494
144 1.79375 0.863395 17.2983
145 1.80625 0.901294 17.6677
146 1.81875 0.927025 18.0528
147 1.83125 0.947335 18.4519
148 1.84375 0.956033 18.8601
149 1.85625 0.976145 19.2825
150 1.86875 1.0081 19.7247
151 1.88125 1.02001 20.1781
152 1.89375 1.05884 20.6551
153 1.90625 1.08095 21.1484
154 1.91875 1.07198 21.6441
155 1.93125 1.10776 22.1631
156 1.94375 1.14933 22.7085
157 1.95625 1.14606 23.2594
158 1.96875 1.15884 23.8235
159 1.98125 1.15595 24.3935
160 1.99375 1.17905 24.9821
161 2.00625 1.19338 25.5854
162 2.01875 1.20345 26.2015
163 2.03125 1.20583 26.8264
164 2.04375 1.21681 27.4647
165 2.05625 1.20685 28.1057
166 2.06875 1.21792 28.7604
167 2.08125 1.23654 29.4331
168 2.09375 1.22874 30.1097
169 2.10625 1.20771 30.7826
170 2.11875 1.24131 31.4825
171 2.13125 1.18725 32.1599
172 2.14375 1.17547 32.8384
173 2.15625 1.17844 33.5266
174 2.16875 1.1644 34.2145
175 2.18125 1.17871 34.9188
176 2.19375 1.13623 35.6057
177 2.20625 1.13505 36.2996
178 2.21875 1.12688 36.9964
179 2.23125 1.10789 37.6892
180 2.24375 1.07257 38.3674
181 2.25625 1.07645 39.0557
182 2.26875 1.05087 39.7351
183 2.28125 1.05896 40.4272
184 2.29375 1.02262 41.103
185 2.30625 1.01814 41.7832
186 2.31875 0.987675 42.4502
187 2.33125 0.970245 43.1125
188 2.34375 0.99276 43.7975
189 2.35625 0.954947 44.4634
190 2.36875 0.965126 45.1436
191 2.38125 0.940486 45.8134
192 2.39375 0.944258 46.493
193 2.40625 0.924402 47.1652
194 2.41875 0.92165 47.8425
195 2.43125 0.908777 48.5172
196 2.44375 0.926193 49.2119
197 2.45625 0.896944 49.8916
198 2.46875 0.888905 50.5721
199 2.48125 0.888054 51.2588
200 2.49375 0.878673 51.9451
30000 200
1 0.00625 0 0
2 0.01875 0 0
3 0.03125 0 0
4 0.04375 0 0
5 0.05625 0 0
6 0.06875 0 0
7 0.08125 0 0
8 0.09375 0 0
9 0.10625 0 0
10 0.11875 0 0
11 0.13125 0 0
12 0.14375 0 0
13 0.15625 0 0
14 0.16875 0 0
15 0.18125 0 0
16 0.19375 0 0
17 0.20625 0 0
18 0.21875 0 0
19 0.23125 0 0
20 0.24375 0 0
21 0.25625 0 0
22 0.26875 0 0
23 0.28125 0 0
24 0.29375 0 0
25 0.30625 0 0
26 0.31875 0 0
27 0.33125 0 0
28 0.34375 0 0
29 0.35625 0 0
30 0.36875 0 0
31 0.38125 0 0
32 0.39375 0 0
33 0.40625 0 0
34 0.41875 0 0
35 0.43125 0 0
36 0.44375 0 0
37 0.45625 0 0
38 0.46875 0 0
39 0.48125 0 0
40 0.49375 0 0
41 0.50625 0 0
42 0.51875 0 0
43 0.53125 0 0
44 0.54375 0 0
45 0.55625 0 0
46 0.56875 0 0
47 0.58125 0 0
48 0.59375 0 0
49 0.60625 0 0
50 0.61875 0 0
51 0.63125 0 0
52 0.64375 0 0
53 0.65625 0 0
54 0.66875 0 0
55 0.68125 0 0
56 0.69375 0 0
57 0.70625 0 0
58 0.71875 0 0
59 0.73125 0 0
60 0.74375 0 0
61 0.75625 0 0
62 0.76875 0 0
63 0.78125 0 0
64 0.79375 0 0
65 0.80625 0 0
66 0.81875 0 0
67 0.83125 0 0
68 0.84375 0 0
69 0.85625 0 0
70 0.86875 0 0
71 0.88125 0.00100114 9.76563e-05
72 0.89375 0 9.76563e-05
73 0.90625 0.00946672 0.00107422
74 0.91875 0.0331591 0.00458984
75 0.93125 0.0806874 0.0133789
76 0.94375 0.170222 0.0324219
77 0.95625 0.381768 0.0762695
78 0.96875 0.606435 0.147754
79 0.98125 0.946378 0.262207
80 0.99375 1.31558 0.425391
81 1.00625 1.64246 0.634277
82 1.01875 1.94102 0.887305
83 1.03125 2.31608 1.19668
84 1.04375 2.45649 1.53281
85 1.05625 2.5095 1.88447
86 1.06875 2.63424 2.2624
87 1.08125 2.64352 2.65059
88 1.09375 2.64128 3.04746
89 1.10625 2.50252 3.43213
90 1.11875 2.45312 3.81777
91 1.13125 2.41622 4.20615
92 1.14375 2.24067 4.57432
93 1.15625 2.17503 4.93955
94 1.16875 1.99272 5.28145
95 1.18125 1.87276 5.60967
96 1.19375 1.74645 5.92227
97 1.20625 1.67358 6.22813
98 1.21875 1.55201 6.51768
99 1.23125 1.50937 6.80508
100 1.24375 1.46511 7.08975
101 1.25625 1.32624 7.35264
102 1.26875 1.25 7.60537
103 1.28125 1.13953 7.84033
104 1.29375 1.10694 8.07305
105 1.30625 1.08038 8.30459
106 1.31875 0.992492 8.52139
107 1.33125 0.968238 8.73691
108 1.34375 0.935238 8.94902
109 1.35625 0.867355 9.14941
110 1.36875 0.856981 9.35107
111 1.38125 0.83502 9.55117
112 1.39375 0.786088 9.74297
113 1.40625 0.79262 9.93984
114 1.41875 0.755152 10.1308
115 1.43125 0.755304 10.3251
116 1.44375 0.743028 10.5196
117 1.45625 0.703196 10.7069
118 1.46875 0.698846 10.8963
119 1.48125 0.698795 11.0889
120 1.49375 0.681574 11.2799
121 1.50625 0.679904 11.4736
122 1.51875 0.669769 11.6677
123 1.53125 0.673801 11.8661
124 1.54375 0.68055 12.0698
125 1.55625 0.652005 12.2682
126 1.56875 0.654294 12.4704
127 1.58125 0.629375 12.6681
128 1.59375 0.666374 12.8807
129 1.60625 0.641578 13.0886
130 1.61875 0.675325 13.3108
131 1.63125 0.676702 13.537
132 1.64375 0.70616 13.7767
133 1.65625 0.701777 14.0185
134 1.66875 0.71336 14.268
135 1.68125 0.706918 14.5189
136 1.69375 0.73853 14.7851
137 1.70625 0.728817 15.0516
138 1.71875 0.751154 15.3303
139 1.73125 0.782111 15.6247
140 1.74375 0.801366 15.9308
141 1.75625 0.840666 16.2564
142 1.76875 0.841749 16.5872
143 1.78125 0.87384 16.9354
144 1.79375 0.874269 17.2888
145 1.80625 0.886518 17.6521
146 1.81875 0.927495 18.0374
147 1.83125 0.923223 18.4263
148 1.84375 0.961065 18.8366
149 1.85625 0.979981 19.2607
150 1.86875 1.03794 19.716
151 1.88125 1.03561 20.1764
152 1.89375 1.0428 20.6461
153 1.90625 1.06255 21.1311
154 1.91875 1.09288 21.6364
155 1.93125 1.08941 22.1468
156 1.94375 1.14027 22.6879
157 1.95625 1.16252 23.2467
158 1.96875 1.14439 23.8038
159 1.98125 1.17932 24.3853
160 1.99375 1.19998 24.9844
161 2.00625 1.19589 25.589
162 2.01875 1.18513 26.1956
163 2.03125 1.18642 26.8104
164 2.04375 1.20025 27.4401
165 2.05625 1.22762 28.0921
166 2.06875 1.21193 28.7436
167 2.08125 1.22739 29.4113
168 2.09375 1.24647 30.0977
169 2.10625 1.19632 30.7643
170 2.11875 1.25326 31.4709
171 2.13125 1.21703 32.1652
172 2.14375 1.18562 32.8496
173 2.15625 1.21757 33.5606
174 2.16875 1.1601 34.246
175 2.18125 1.17381 34.9475
176 2.19375 1.16677 35.6527
177 2.20625 1.16189 36.3631
178 2.21875 1.10303 37.0451
179 2.23125 1.12632 37.7494
180 2.24375 1.0806 38.4327
181 2.25625 1.04361 39.1
182 2.26875 1.04151 39.7733
183 2.28125 1.03371 40.449
184 2.29375 1.01745 41.1214
185 2.30625 0.991979 41.7841
186 2.31875 1.00633 42.4637
187 2.33125 0.97983 43.1325
188 2.34375 1.00309 43.8246
189 2.35625 0.96657 44.4986
190 2.36875 0.944479 45.1643
191 2.38125 0.939937 45.8337
192 2.39375 0.929061 46.5023
193 2.40625 0.924536 47.1747
194 2.41875 0.905702 47.8402
195 2.43125 0.908645 48.5148
196 2.44375 0.904321 49.1932
197 2.45625 0.906996 49.8805
198 2.46875 0.890946 50.5625
199 2.48125 0.884896 51.2468
200 2.49375 0.895426 51.9462
40000 200
1 0.00625 0 0
2 0.01875 0 0
3 0.03125 0 0
4 0.04375 0 0
5 0.05625 0 0
6 0.06875 0 0
7 0.08125 0 0
8 0.09375 0 0
9 0.10625 0 0
10 0.11875 0 0
11 0.13125 0 0
12 0.14375 0 0
13 0.15625 0 0
14 0.16875 0 0
15 0.18125 0 0
16 0.19375 0 0
17 0.20625 0 0
18 0.21875 0 0
19 0.23125 0 0
20 0.24375 0 0
21 0.25625 0 0
22 0.26875 0 0
23 0.28125 0 0
24 0.29375 0 0
25 0.30625 0 0
26 0.31875 0 0
27 0.33125 0 0
28 0.34375 0 0
29 0.35625 0 0
30 0.36875 0 0
31 0.38125 0 0
32 0.39375 0 0
33 0.40625 0 0
34 0.41875 0 0
35 0.43125 0 0
36 0.44375 0 0
37 0.45625 0 0
38 0.46875 0 0
39 0.48125 0 0
40 0.49375 0 0
41 0.50625 0 0
42 0.51875 0 0
43 0.53125 0 0
44 0.54375 0 0
45 0.55625 0 0
46 0.56875 0 0
47 0.58125 0 0
48 0.59375 0 0
49 0.60625 0 0
50 0.61875 0 0
51 0.63125 0 0
52 0.64375 0 0
53 0.65625 0 0
54 0.66875 0 0
55 0.68125 0 0
56 0.69375 0 0
57 0.70625 0 0
58 0.71875 0 0
59 0.73125 0 0
60 0.74375 0 0
61 0.75625 0 0
62 0.76875 0 0
63 0.78125 0 0
64 0.79375 0 0
65 0.80625 0 0
66 0.81875 0 0
67 0.83125 0 0
68 0.84375 0 0
69 0.85625 0 0
70 0.86875 0 0
71 0.88125 0 0
72 0.89375 0.00389335 0.000390625
73 0.90625 0.0066267 0.00107422
74 0.91875 0.0248694 0.00371094
75 0.93125 0.0860666 0.0130859
76 0.94375 0.193792 0.0347656
77 0.95625 0.344356 0.0743164
78 0.96875 0.647858 0.150684
79 0.98125 0.948801 0.26543
80 0.99375 1.27858 0.424023
81 1.00625 1.59793 0.627246
82 1.01875 1.99645 0.8875
83 1.03125 2.2576 1.18906
84 1.04375 2.42295 1.52061
85 1.05625 2.55201 1.87822
86 1.06875 2.64718 2.25801
87 1.08125 2.74394 2.66094
88 1.09375 2.64713 3.05869
89 1.10625 2.63848 3.46426
90 1.11875 2.46057 3.85107
91 1.13125 2.31658 4.22344
92 1.14375 2.20798 4.58623
93 1.15625 2.07094 4.93398
94 1.16875 1.9802 5.27373
95 1.18125 1.85326 5.59854
96 1.19375 1.78465 5.91797
97 1.20625 1.66129 6.22158
98 1.21875 1.57347 6.51514
99 1.23125 1.45039 6.79131
100 1.24375 1.4058 7.06445
101 1.25625 1.33806 7.32969
102 1.26875 1.24083 7.58057
103 1.28125 1.18642 7.8252
104 1.29375 1.12644 8.06201
105 1.30625 1.07947 8.29336
106 1.31875 1.03407 8.51924
107 1.33125 0.976135 8.73652
108 1.34375 0.908111 8.94248
109 1.35625 0.882572 9.14639
110 1.36875 0.848266 9.346
111 1.38125 0.831759 9.54531
112 1.39375 0.872141 9.75811
113 1.40625 0.758808 9.94658
114 1.41875 0.748199 10.1357
115 1.43125 0.73291 10.3243
116 1.44375 0.737432 10.5174
117 1.45625 0.708695 10.7062
118 1.46875 0.70173 10.8963
119 1.48125 0.700921 11.0895
120 1.49375 0.694466 11.2841
121 1.50625 0.673735 11.4761
122 1.51875 0.674488 11.6715
123 1.53125 0.670153 11.8688
124 1.54375 0.669132 12.0691
125 1.55625 0.648795 12.2665
126 1.56875 0.67167 12.4741
127 1.58125 0.634661 12.6734
128 1.59375 0.660558 12.8842
129 1.60625 0.67985 13.1045
130 1.61875 0.694612 13.3331
131 1.63125 0.672027 13.5577
132 1.64375 0.690046 13.7919
133 1.65625 0.704611 14.0347
134 1.66875 0.688232 14.2754
135 1.68125 0.714895 14.5292
136 1.69375 0.749642 14.7993
137 1.70625 0.743239 15.0711
138 1.71875 0.77721 15.3595
139 1.73125 0.793006 15.658
140 1.74375 0.794462 15.9614
141 1.75625 0.832348 16.2839
142 1.76875 0.813169 16.6034
143 1.78125 0.841249 16.9387
144 1.79375 0.875961 17.2927
145 1.80625 0.885327 17.6555
146 1.81875 0.899995 18.0294
147 1.83125 0.94664 18.4281
148 1.84375 0.979362 18.8463
149 1.85625 0.987653 19.2737
150 1.86875 0.98005 19.7036
151 1.88125 1.01496 20.1548
152 1.89375 1.06058 20.6325
153 1.90625 1.03987 21.1071
154 1.91875 1.0686 21.6013
155 1.93125 1.1261 22.1288
156 1.94375 1.09808 22.6499
157 1.95625 1.12229 23.1894
158 1.96875 1.14299 23.7458
159 1.98125 1.20289 24.3389
160 1.99375 1.19216 24.9341
161 2.00625 1.21386 25.5478
162 2.01875 1.19086 26.1573
163 2.03125 1.24521 26.8026
164 2.04375 1.22612 27.4459
165 2.05625 1.22358 28.0957
166 2.06875 1.26134 28.7737
167 2.08125 1.2098 29.4319
168 2.09375 1.23016 30.1093
169 2.10625 1.22962 30.7944
170 2.11875 1.20736 31.4752
171 2.13125 1.22799 32.1758
172 2.14375 1.20525 32.8715
173 2.15625 1.1761 33.5583
174 2.16875 1.18952 34.261
175 2.18125 1.16596 34.9578
176 2.19375 1.133 35.6427
177 2.20625 1.12308 36.3293
178 2.21875 1.12467 37.0247
179 2.23125 1.09477 37.7093
180 2.24375 1.08322 38.3942
181 2.25625 1.07614 39.0823
182 2.26875 1.04966 39.7609
183 2.28125 1.04193 40.442
184 2.29375 1.02454 41.119
185 2.30625 1.01215 41.7952
186 2.31875 0.992881 42.4657
187 2.33125 0.999859 43.1482
188 2.34375 0.980588 43.8248
189 2.35625 0.970772 44.5018
190 2.36875 0.930484 45.1575
191 2.38125 0.937469 45.8252
192 2.39375 0.912778 46.4821
193 2.40625 0.940247 47.1659
194 2.41875 0.937464 47.8548
195 2.43125 0.923377 48.5403
196 2.44375 0.911351 49.2239
197 2.45625 0.899908 49.9059
198 2.46875 0.901407 50.5959
199 2.48125 0.885907 51.281
200 2.49375 0.871047 51.9613
50000 200
1 0.00625 0 0
2 0.01875 0 0
3 0.03125 0 0
4 0.04375 0 0
5 0.05625 0 0
6 0.06875 0 0
7 0.08125 0 0
8 0.09375 0 0
9 0.10625 0 0
10 0.11875 0 0
11 0.13125 0 0
12 0.14375 0 0
13 0.15625 0 0
14 0.16875 0 0
15 0.18125 0 0
16 0.19375 0 0
17 0.20625 0 0
18 0.21875 0 0
19 0.23125 0 0
20 0.24375 0 0
21 0.25625 0 0
22 0.26875 0 0
23 0.28125 0 0
24 0.29375 0 0
25 0.30625 0 0
26 0.31875 0 0
27 0.33125 0 0
28 0.34375 0 0
29 0.35625 0 0
30 0.36875 0 0
31 0.38125 0 0
32 0.39375 0 0
33 0.40625 0 0
34 0.41875 0 0
35 0.43125 0 0
36 0.44375 0 0
37 0.45625 0 0
38 0.46875 0 0
39 0.48125 0 0
40 0.49375 0 0
41 0.50625 0 0
42 0.51875 0 0
43 0.53125 0 0
44 0.54375 0 0
45 0.55625 0 0
46 0.56875 0 0
47 0.58125 0 0
48 0.59375 0 0
49 0.60625 0 0
50 0.61875 0 0
51 0.63125 0 0
52 0.64375 0 0
53 0.65625 0 0
54 0.66875 0 0
55 0.68125 0 0
56 0.69375 0 0
57 0.70625 0 0
58 0.71875 0 0
59 0.73125 0 0
60 0.74375 0 0
61 0.75625 0 0
62 0.76875 0 0
63 0.78125 0 0
64 0.79375 0 0
65 0.80625 0 0
66 0.81875 0 0
67 0.83125 0 0
68 0.84375 0 0
69 0.85625 0 0
70 0.86875 0 0
71 0.88125 0 0
72 0.89375 0.000973337 9.76563e-05
73 0.90625 0.0104134 0.00117187
74 0.91875 0.0322381 0.00458984
75 0.93125 0.0887561 0.0142578
76 0.94375 0.188554 0.0353516
77 0.95625 0.381768 0.0791992
78 0.96875 0.620518 0.152344
79 0.98125 0.929421 0.264746
80 0.99375 1.29354 0.425195
81 1.00625 1.6248 0.631836
82 1.01875 1.93652 0.884277
83 1.03125 2.19107 1.17695
84 1.04375 2.42652 1.50898
85 1.05625 2.49695 1.85889
86 1.06875 2.65194 2.23936
87 1.08125 2.63221 2.62588
88 1.09375 2.67768 3.02822
89 1.10625 2.59273 3.42676
90 1.11875 2.4643 3.81416
91 1.13125 2.40528 4.20078
92 1.14375 2.26147 4.57236
93 1.15625 2.0814 4.92188
94 1.16875 1.96369 5.25879
95 1.18125 1.90285 5.59229
96 1.19375 1.84957 5.92334
97 1.20625 1.66877 6.22832
98 1.21875 1.62006 6.53057
99 1.23125 1.48527 6.81338
100 1.24375 1.40329 7.08604
101 1.25625 1.30456 7.34463
102 1.26875 1.24131 7.59561
103 1.28125 1.14427 7.83154
104 1.29375 1.1362 8.07041
105 1.30625 1.0658 8.29883
106 1.31875 1.03452 8.5248
107 1.33125 0.992367 8.7457
108 1.34375 0.953322 8.96191
109 1.35625 0.890181 9.16758
110 1.36875 0.835401 9.36416
111 1.38125 0.84317 9.56621
112 1.39375 0.786488 9.75811
113 1.40625 0.809133 9.95908
114 1.41875 0.73777 10.1456
115 1.43125 0.755304 10.3399
116 1.44375 0.724004 10.5295
117 1.45625 0.695497 10.7147
118 1.46875 0.695603 10.9032
119 1.48125 0.694897 11.0947
120 1.49375 0.652304 11.2775
121 1.50625 0.680246 11.4714
122 1.51875 0.672129 11.6661
123 1.53125 0.682754 11.8672
124 1.54375 0.663259 12.0657
125 1.55625 0.670946 12.2698
126 1.56875 0.647659 12.47
127 1.58125 0.66016 12.6773
128 1.59375 0.666986 12.8901
129 1.60625 0.676535 13.1094
130 1.61875 0.658412 13.3261
131 1.63125 0.654204 13.5447
132 1.64375 0.698103 13.7816
133 1.65625 0.698376 14.0223
134 1.66875 0.722294 14.2749
135 1.68125 0.703342 14.5246
136 1.69375 0.723353 14.7853
137 1.70625 0.741636 15.0564
138 1.71875 0.757997 15.3377
139 1.73125 0.78678 15.6339
140 1.74375 0.808526 15.9427
141 1.75625 0.818736 16.2599
142 1.76875 0.841252 16.5904
143 1.78125 0.859137 16.9328
144 1.79375 0.871128 17.2849
145 1.80625 0.914639 17.6597
146 1.81875 0.900935 18.034
147 1.83125 0.958 18.4375
148 1.84375 0.958091 18.8466
149 1.85625 0.989909 19.275
150 1.86875 1.01701 19.7211
151 1.88125 1.02639 20.1773
152 1.89375 1.04952 20.6501
153 1.90625 1.05527 21.1317
154 1.91875 1.07937 21.6309
155 1.93125 1.11047 22.1511
156 1.94375 1.1164 22.6809
157 1.95625 1.12432 23.2213
158 1.96875 1.16265 23.7873
159 1.98125 1.16961 24.364
160 1.99375 1.19372 24.96
161 2.00625 1.17117 25.5521
162 2.01875 1.21757 26.1753
163 2.03125 1.21525 26.8051
164 2.04375 1.20267 27.436
165 2.05625 1.19949 28.073
166 2.06875 1.22137 28.7296
167 2.08125 1.23385 29.4009
168 2.09375 1.23512 30.081
169 2.10625 1.20929 30.7548
170 2.11875 1.21827 31.4417
171 2.13125 1.18656 32.1187
172 2.14375 1.21235 32.8185
173 2.15625 1.19382 33.5156
174 2.16875 1.17068 34.2072
175 2.18125 1.18165 34.9134
176 2.19375 1.16321 35.6165
177 2.20625 1.16253 36.3272
178 2.21875 1.13873 37.0313
179 2.23125 1.12585 37.7354
180 2.24375 1.0772 38.4165
181 2.25625 1.05338 39.09
182 2.26875 1.06009 39.7754
183 2.28125 1.07151 40.4758
184 2.29375 1.03888 41.1623
185 2.30625 0.997095 41.8284
186 2.31875 0.988832 42.4962
187 2.33125 0.97096 43.159
188 2.34375 0.992336 43.8437
189 2.35625 0.956487 44.5106
190 2.36875 0.931592 45.1672
191 2.38125 0.947067 45.8417
192 2.39375 0.943715 46.5209
193 2.40625 0.913928 47.1855
194 2.41875 0.909822 47.8541
195 2.43125 0.902332 48.524
196 2.44375 0.887135 49.1895
197 2.45625 0.912022 49.8806
198 2.46875 0.914036 50.5803
199 2.48125 0.879087 51.2601
200 2.49375 0.898927 51.9622
60000 200
1 0.00625 0 0
2 0.01875 0 0
3 0.03125 0 0
4 0.04375 0 0
5 0.05625 0 0
6 0.06875 0 0
7 0.08125 0 0
8 0.09375 0 0
9 0.10625 0 0
10 0.11875 0 0
11 0.13125 0 0
12 0.14375 0 0
13 0.15625 0 0
14 0.16875 0 0
15 0.18125 0 0
16 0.19375 0 0
17 0.20625 0 0
18 0.21875 0 0
19 0.23125 0 0
20 0.24375 0 0
21 0.25625 0 0
22 0.26875 0 0
23 0.28125 0 0
24 0.29375 0 0
25 0.30625 0 0
26 0.31875 0 0
27 0.33125 0 0
28 0.34375 0 0
29 0.35625 0 0
30 0.36875 0 0
31 0.38125 0 0
32 0.39375 0 0
33 0.40625 0 0
34 0.41875 0 0
35 0.43125 0 0
36 0.44375 0 0
37 0.45625 0 0
38 0.46875 0 0
39 0.48125 0 0
40 0.49375 0 0
41 0.50625 0 0
42 0.51875 0 0
43 0.53125 0 0
44 0.54375 0 0
45 0.55625 0 0
46 0.56875 0 0
47 0.58125 0 0
48 0.59375 0 0
49 0.60625 0 0
50 0.61875 0 0
51 0.63125 0 0
52 0.64375 0 0
53 0.65625 0 0
54 0.66875 0 0
55 0.68125 0 0
56 0.69375 0 0
57 0.70625 0 0
58 0.71875 0 0
59 0.73125 0 0
60 0.74375 0 0
61 0.75625 0 0
62 0.76875 0 0
63 0.78125 0 0
64 0.79375 0 0
65 0.80625 0 0
66 0.81875 0 0
67 0.83125 0 0
68 0.84375 0 0
69 0.85625 0 0
70 0.86875 0 0
71 0.88125 0 0
72 0.89375 0.00194667 0.000195313
73 0.90625 0.00378669 0.000585937
74 0.91875 0.0239483 0.003125
75 0.93125 0.0950318 0.0134766
76 0.94375 0.168476 0.0323242
77 0.95625 0.363913 0.0741211
78 0.96875 0.638745 0.149414
79 0.98125 0.927806 0.261621
80 0.99375 1.27937 0.420312
81 1.00625 1.69468 0.63584
82 1.01875 2.00394 0.89707
83 1.03125 2.17571 1.1877
84 1.04375 2.45863 1.52412
85 1.05625 2.60358 1.88896
86 1.06875 2.64037 2.26777
87 1.08125 2.61226 2.65137
88 1.09375 2.64518 3.04883
89 1.10625 2.6029 3.44893
90 1.11875 2.40218 3.82656
91 1.13125 2.3178 4.19912
92 1.14375 2.23769 4.5668
93 1.15625 2.11223 4.92148
94 1.16875 2.00525 5.26553
95 1.18125 1.91233 5.60068
96 1.19375 1.7961 5.92217
97 1.20625 1.71312 6.23525
98 1.21875 1.55096 6.52461
99 1.23125 1.50168 6.81055
100 1.24375 1.39475 7.08154
101 1.25625 1.32722 7.34463
102 1.26875 1.27464 7.60234
103 1.28125 1.14569 7.83857
104 1.29375 1.1297 8.07607
105 1.30625 1.04256 8.29951
106 1.31875 1.04078 8.52686
107 1.33125 0.984909 8.74609
108 1.34375 0.918445 8.95439
109 1.35625 0.882995 9.1584
110 1.36875 0.846606 9.35762
111 1.38125 0.856619 9.56289
112 1.39375 0.827313 9.76475
113 1.40625 0.771782 9.95645
114 1.41875 0.746268 10.1451
115 1.43125 0.731772 10.3334
116 1.44375 0.742655 10.5278
117 1.45625 0.711628 10.7174
118 1.46875 0.71038 10.9099
119 1.48125 0.676471 11.0963
120 1.49375 0.680528 11.287
121 1.50625 0.674078 11.4791
122 1.51875 0.631343 11.662
123 1.53125 0.664516 11.8577
124 1.54375 0.663912 12.0564
125 1.55625 0.662278 12.2579
126 1.56875 0.643236 12.4567
127 1.58125 0.656117 12.6628
128 1.59375 0.6526 12.871
129 1.60625 0.664179 13.0862
130 1.61875 0.64773 13.2994
131 1.63125 0.698032 13.5327
132 1.64375 0.696376 13.769
133 1.65625 0.699509 14.0101
134 1.66875 0.711126 14.2588
135 1.68125 0.703067 14.5084
136 1.69375 0.733923 14.7729
137 1.70625 0.763268 15.052
138 1.71875 0.74589 15.3287
139 1.73125 0.800269 15.63
140 1.74375 0.803412 15.9368
141 1.75625 0.821509 16.2551
142 1.76875 0.827335 16.5802
143 1.78125 0.849581 16.9187
144 1.79375 0.892876 17.2796
145 1.80625 0.902724 17.6495
146 1.81875 0.934547 18.0378
147 1.83125 0.938061 18.4329
148 1.84375 0.977075 18.8501
149 1.85625 0.989458 19.2783
150 1.86875 1.00454 19.7189
151 1.88125 1.02814 20.176
152 1.89375 1.02892 20.6395
153 1.90625 1.03473 21.1117
154 1.91875 1.07895 21.6106
155 1.93125 1.11172 22.1314
156 1.94375 1.14192 22.6733
157 1.95625 1.12128 23.2123
158 1.96875 1.17208 23.7829
159 1.98125 1.16605 24.3578
160 1.99375 1.16614 24.94
161 2.00625 1.16247 25.5277
162 2.01875 1.21432 26.1493
163 2.03125 1.2226 26.7829
164 2.04375 1.25218 27.4398
165 2.05625 1.21255 28.0838
166 2.06875 1.21847 28.7388
167 2.08125 1.21357 29.399
168 2.09375 1.25286 30.0889
169 2.10625 1.22962 30.774
170 2.11875 1.21792 31.4607
171 2.13125 1.21652 32.1548
172 2.14375 1.17446 32.8327
173 2.15625 1.18981 33.5275
174 2.16875 1.18671 34.2286
175 2.18125 1.16482 34.9247
176 2.19375 1.15465 35.6227
177 2.20625 1.14352 36.3218
178 2.21875 1.1182 37.0132
179 2.23125 1.11757 37.712
180 2.24375 1.10299 38.4095
181 2.25625 1.08072 39.1005
182 2.26875 1.0619 39.787
183 2.28125 1.06269 40.4816
184 2.29375 1.01878 41.1549
185 2.30625 1.00236 41.8245
186 2.31875 0.983337 42.4886
187 2.33125 1.00372 43.1737
188 2.34375 0.980588 43.8503
189 2.35625 0.969371 44.5263
190 2.36875 0.942539 45.1905
191 2.38125 0.945422 45.8639
192 2.39375 0.93096 46.5339
193 2.40625 0.92561 47.207
194 2.41875 0.926567 47.8879
195 2.43125 0.899306 48.5556
196 2.44375 0.911742 49.2395
197 2.45625 0.895784 49.9183
198 2.46875 0.890053 50.5996
199 2.48125 0.871384 51.2734
200 2.49375 0.89105 51.9694
70000 200
1 0.00625 0 0
2 0.01875 0 0
3 0.03125 0 0
4 0.04375 0 0
5 0.05625 0 0
6 0.06875 0 0
7 0.08125 0 0
8 0.09375 0 0
9 0.10625 0 0
10 0.11875 0 0
11 0.13125 0 0
12 0.14375 0 0
13 0.15625 0 0
14 0.16875 0 0
15 0.18125 0 0
16 0.19375 0 0
17 0.20625 0 0
18 0.21875 0 0
19 0.23125 0 0
20 0.24375 0 0
21 0.25625 0 0
22 0.26875 0 0
23 0.28125 0 0
24 0.29375 0 0
25 0.30625 0 0
26 0.31875 0 0
27 0.33125 0 0
28 0.34375 0 0
29 0.35625 0 0
30 0.36875 0 0
31 0.38125 0 0
32 0.39375 0 0
33 0.40625 0 0
34 0.41875 0 0
35 0.43125 0 0
36 0.44375 0 0
37 0.45625 0 0
38 0.46875 0 0
39 0.48125 0 0
40 0.49375 0 0
41 0.50625 0 0
42 0.51875 0 0
43 0.53125 0 0
44 0.54375 0 0
45 0.55625 0 0
46 0.56875 0 0
47 0.58125 0 0
48 0.59375 0 0
49 0.60625 0 0
50 0.61875 0 0
51 0.63125 0 0
52 0.64375 0 0
53 0.65625 0 0
54 0.66875 0 0
55 0.68125 0 0
56 0.69375 0 0
57 0.70625 0 0
58 0.71875 0 0
59 0.73125 0 0
60 0.74375 0 0
61 0.75625 0 0
62 0.76875 0 0
63 0.78125 0 0
64 0.79375 0 0
65 0.80625 0 0
66 0.81875 0 0
67 0.83125 0 0
68 0.84375 0 0
69 0.85625 0 0
70 0.86875 0 0
71 0.88125 0 0
72 0.89375 0.000973337 9.76563e-05
73 0.90625 0.00757337 0.000878906
74 0.91875 0.0276326 0.00380859
75 0.93125 0.0815839 0.0126953
76 0.94375 0.186808 0.0335937
77 0.95625 0.346907 0.0734375
78 0.96875 0.648686 0.149902
79 0.98125 0.991598 0.269824
80 0.99375 1.30771 0.432031
81 1.00625 1.67011 0.644434
82 1.01875 2.01143 0.906641
83 1.03125 2.23493 1.20518
84 1.04375 2.43008 1.5377
85 1.05625 2.56943 1.89775
86 1.06875 2.61382 2.27275
87 1.08125 2.58633 2.65254
88 1.09375 2.62634 3.04717
89 1.10625 2.51268 3.4334
90 1.11875 2.44877 3.81836
91 1.13125 2.37977 4.20088
92 1.14375 2.19966 4.5623
93 1.15625 2.08547 4.9125
94 1.16875 1.99443 5.25469
95 1.18125 1.89505 5.58682
96 1.19375 1.75628 5.90117
97 1.20625 1.65274 6.20322
98 1.21875 1.59755 6.50127
99 1.23125 1.46578 6.78037
100 1.24375 1.35956 7.04453
101 1.25625 1.35777 7.31367
102 1.26875 1.25097 7.5666
103 1.28125 1.19447 7.81289
104 1.29375 1.13063 8.05059
105 1.30625 1.07765 8.28154
106 1.31875 1.00948 8.50205
107 1.33125 0.992806 8.72305
108 1.34375 0.916722 8.93096
109 1.35625 0.911315 9.1415
110 1.36875 0.863621 9.34473
111 1.38125 0.824424 9.54229
112 1.39375 0.824912 9.74355
113 1.40625 0.793013 9.94053
114 1.41875 0.770603 10.1354
115 1.43125 0.750749 10.3285
116 1.44375 0.732956 10.5204
117 1.45625 0.737293 10.7168
118 1.46875 0.71038 10.9093
119 1.48125 0.689582 11.0993
120 1.49375 0.683316 11.2908
121 1.50625 0.672022 11.4823
122 1.51875 0.655275 11.6722
123 1.53125 0.66949 11.8693
124 1.54375 0.676309 12.0718
125 1.55625 0.655537 12.2712
126 1.56875 0.67009 12.4783
127 1.58125 0.652075 12.6831
128 1.59375 0.673108 12.8979
129 1.60625 0.664782 13.1133
130 1.61875 0.689864 13.3403
131 1.63125 0.689559 13.5708
132 1.64375 0.689758 13.8049
133 1.65625 0.701493 14.0466
134 1.66875 0.672596 14.2818
135 1.68125 0.700591 14.5306
136 1.69375 0.729315 14.7934
137 1.70625 0.750983 15.068
138 1.71875 0.775104 15.3556
139 1.73125 0.787299 15.652
140 1.74375 0.793439 15.955
141 1.75625 0.822265 16.2735
142 1.76875 0.830566 16.5999
143 1.78125 0.876046 16.949
144 1.79375 0.860979 17.297
145 1.80625 0.890093 17.6617
146 1.81875 0.907516 18.0388
147 1.83125 0.92415 18.428
148 1.84375 0.968155 18.8414
149 1.85625 0.985622 19.268
150 1.86875 1.00766 19.71
151 1.88125 1.03825 20.1715
152 1.89375 1.07402 20.6553
153 1.90625 1.06939 21.1434
154 1.91875 1.08296 21.6441
155 1.93125 1.09358 22.1564
156 1.94375 1.1127 22.6845
157 1.95625 1.1487 23.2366
158 1.96875 1.1482 23.7956
159 1.98125 1.16228 24.3687
160 1.99375 1.15049 24.9431
161 2.00625 1.2212 25.5604
162 2.01875 1.19753 26.1734
163 2.03125 1.23089 26.8113
164 2.04375 1.2008 27.4413
165 2.05625 1.20023 28.0787
166 2.06875 1.23918 28.7448
167 2.08125 1.22469 29.4111
168 2.09375 1.20852 30.0766
169 2.10625 1.17704 30.7324
170 2.11875 1.22693 31.4242
171 2.13125 1.23124 32.1267
172 2.14375 1.21405 32.8274
173 2.15625 1.20402 33.5306
174 2.16875 1.172 34.2229
175 2.18125 1.1524 34.9116
176 2.19375 1.15853 35.6119
177 2.20625 1.16269 36.3228
178 2.21875 1.12388 37.0177
179 2.23125 1.10305 37.7074
180 2.24375 1.07797 38.3891
181 2.25625 1.0624 39.0684
182 2.26875 1.07111 39.7608
183 2.28125 1.04372 40.4431
184 2.29375 1.03548 41.1273
185 2.30625 1.01186 41.8033
186 2.31875 1.01906 42.4915
187 2.33125 1.00215 43.1756
188 2.34375 0.980305 43.852
189 2.35625 0.956767 44.5191
190 2.36875 0.956535 45.1933
191 2.38125 0.938566 45.8617
192 2.39375 0.914406 46.5198
193 2.40625 0.91903 47.1882
194 2.41875 0.902911 47.8517
195 2.43125 0.913644 48.53
196 2.44375 0.91734 49.2181
197 2.45625 0.902486 49.902
198 2.46875 0.896431 50.5882
199 2.48125 0.889316 51.2759
200 2.49375 0.872672 51.9575
80000 200
1 0.00625 0 0
2 0.01875 0 0
3 0.03125 0 0
4 0.04375 0 0
5 0.05625 0 0
6 0.06875 0 0
7 0.08125 0 0
8 0.09375 0 0
9 0.10625 0 0
10 0.11875 0 0
11 0.13125 0 0
12 0.14375 0 0
13 0.15625 0 0
14 0.16875 0 0
15 0.18125 0 0
16 0.19375 0 0
17 0.20625 0 0
18 0.21875 0 0
19 0.23125 0 0
20 0.24375 0 0
21 0.25625 0 0
22 0.26875 0 0
23 0.28125 0 0
24 0.29375 0 0
25 0.30625 0 0
26 0.31875 0 0
27 0.33125 0 0
28 0.34375 0 0
29 0.35625 0 0
30 0.36875 0 0
31 0.38125 0 0
32 0.39375 0 0
33 0.40625 0 0
34 0.41875 0 0
35 0.43125 0 0
36 0.44375 0 0
37 0.45625 0 0
38 0.46875 0 0
39 0.48125 0 0
40 0.49375 0 0
41 0.50625 0 0
42 0.51875 0 0
43 0.53125 0 0
44 0.54375 0 0
45 0.55625 0 0
46 0.56875 0 0
47 0.58125 0 0
48 0.59375 0 0
49 0.60625 0 0
50 0.61875 0 0
51 0.63125 0 0
52 0.64375 0 0
53 0.65625 0 0
54 0.66875 0 0
55 0.68125 0 0
56 0.69375 0 0
57 0.70625 0 0
58 0.71875 0 0
59 0.73125 0 0
60 0.74375 0 0
61 0.75625 0 0
62 0.76875 0 0
63 0.78125 0 0
64 0.79375 0 0
65 0.80625 0 0
66 0.81875 0 0
67 0.83125 0 0
68 0.84375 0 0
69 0.85625 0 0
70 0.86875 0 0
71 0.88125 0 0
72 0.89375 0.00194667 0.000195313
73 0.90625 0.00852004 0.00107422
74 0.91875 0.0368435 0.00498047
75 0.93125 0.08517 0.0142578
76 0.94375 0.186808 0.0351562
77 0.95625 0.375816 0.0783203
78 0.96875 0.615548 0.150879
79 0.98125 0.975448 0.268848
80 0.99375 1.3085 0.431152
81 1.00625 1.69545 0.646777
82 1.01875 1.97922 0.904785
83 1.03125 2.18449 1.19658
84 1.04375 2.43008 1.5291
85 1.05625 2.54295 1.88545
86 1.06875 2.72137 2.27588
87 1.08125 2.64086 2.66367
88 1.09375 2.54835 3.04658
89 1.10625 2.50379 3.43145
90 1.11875 2.43759 3.81465
91 1.13125 2.31962 4.1875
92 1.14375 2.27692 4.56162
93 1.15625 2.12909 4.91914
94 1.16875 1.97109 5.25732
95 1.18125 1.88558 5.58779
96 1.19375 1.80865 5.91152
97 1.20625 1.67945 6.21846
98 1.21875 1.55829 6.50918
99 1.23125 1.47193 6.78945
100 1.24375 1.39475 7.06045
101 1.25625 1.35481 7.329
102 1.26875 1.24083 7.57988
103 1.28125 1.18595 7.82441
104 1.29375 1.12552 8.06104
105 1.30625 1.10134 8.29707
106 1.31875 1.06358 8.52939
107 1.33125 0.948935 8.74062
108 1.34375 0.896054 8.94385
109 1.35625 0.892294 9.15
110 1.36875 0.862791 9.35303
111 1.38125 0.863546 9.55996
112 1.39375 0.824912 9.76123
113 1.40625 0.773748 9.95342
114 1.41875 0.765968 10.1471
115 1.43125 0.731013 10.3352
116 1.44375 0.723631 10.5246
117 1.45625 0.695497 10.7099
118 1.46875 0.696323 10.8985
119 1.48125 0.661588 11.0809
120 1.49375 0.683664 11.2725
121 1.50625 0.677162 11.4654
122 1.51875 0.67887 11.6621
123 1.53125 0.685738 11.8641
124 1.54375 0.678267 12.0671
125 1.55625 0.68796 12.2764
126 1.56875 0.650502 12.4774
127 1.58125 0.655806 12.6834
128 1.59375 0.650151 12.8908
129 1.60625 0.66207 13.1054
130 1.61875 0.673545 13.3271
131 1.63125 0.686344 13.5564
132 1.64375 0.681125 13.7876
133 1.65625 0.706879 14.0312
134 1.66875 0.713639 14.2808
135 1.68125 0.735249 14.5418
136 1.69375 0.735278 14.8067
137 1.70625 0.75312 15.0821
138 1.71875 0.744574 15.3584
139 1.73125 0.774847 15.6501
140 1.74375 0.787814 15.951
141 1.75625 0.844195 16.278
142 1.76875 0.815157 16.5983
143 1.78125 0.856687 16.9397
144 1.79375 0.88611 17.2979
145 1.80625 0.888187 17.6618
146 1.81875 0.914097 18.0416
147 1.83125 0.952668 18.4429
148 1.84375 0.956948 18.8515
149 1.85625 0.997355 19.2831
150 1.86875 0.975152 19.7108
151 1.88125 1.01386 20.1615
152 1.89375 1.03022 20.6256
153 1.90625 1.08287 21.1198
154 1.91875 1.09246 21.625
155 1.93125 1.12193 22.1506
156 1.94375 1.11352 22.679
157 1.95625 1.14403 23.2289
158 1.96875 1.13918 23.7835
159 1.98125 1.17496 24.3628
160 1.99375 1.16067 24.9423
161 2.00625 1.20516 25.5516
162 2.01875 1.20707 26.1694
163 2.03125 1.20451 26.7937
164 2.04375 1.2358 27.442
165 2.05625 1.2199 28.0898
166 2.06875 1.23899 28.7559
167 2.08125 1.23744 29.4291
168 2.09375 1.21969 30.1007
169 2.10625 1.22874 30.7854
170 2.11875 1.20216 31.4632
171 2.13125 1.22816 32.1639
172 2.14375 1.19459 32.8534
173 2.15625 1.18396 33.5448
174 2.16875 1.18258 34.2435
175 2.18125 1.17381 34.9449
176 2.19375 1.16661 35.6501
177 2.20625 1.09736 36.321
178 2.21875 1.12704 37.0179
179 2.23125 1.11445 37.7147
180 2.24375 1.08276 38.3994
181 2.25625 1.05186 39.072
182 2.26875 1.04362 39.7467
183 2.28125 1.04193 40.4277
184 2.29375 1.03474 41.1115
185 2.30625 1.02326 41.7951
186 2.31875 1.01385 42.4798
187 2.33125 0.989415 43.1552
188 2.34375 0.967566 43.8228
189 2.35625 0.947945 44.4838
190 2.36875 0.966096 45.1646
191 2.38125 0.94172 45.8354
192 2.39375 0.933131 46.5069
193 2.40625 0.916479 47.1734
194 2.41875 0.90836 47.8409
195 2.43125 0.92877 48.5305
196 2.44375 0.895338 49.2021
197 2.45625 0.912151 49.8933
198 2.46875 0.902172 50.5839
199 2.48125 0.898535 51.2787
200 2.49375 0.884674 51.9697
90000 200
1 0.00625 0 0
2 0.01875 0 0
3 0.03125 0 0
4 0.04375 0 0
5 0.05625 0 0
6 0.06875 0 0
7 0.08125 0 0
8 0.09375 0 0
9 0.10625 0 0
10 0.11875 0 0
11 0.13125 0 0
12 0.14375 0 0
13 0.15625 0 0
14 0.16875 0 0
15 0.18125 0 0
16 0.19375 0 0
17 0.20625 0 0
18 0.21875 0 0
19 0.23125 0 0
20 0.24375 0 0
21 0.25625 0 0
22 0.26875 0 0
23 0.28125 0 0
24 0.29375 0 0
25 0.30625 0 0
26 0.31875 0 0
27 0.33125 0 0
28 0.34375 0 0
29 0.35625 0 0
30 0.36875 0 0
31 0.38125 0 0
32 0.39375 0 0
33 0.40625 0 0
34 0.41875 0 0
35 0.43125 0 0
36 0.44375 0 0
37 0.45625 0 0
38 0.46875 0 0
39 0.48125 0 0
40 0.49375 0 0
41 0.50625 0 0
42 0.51875 0 0
43 0.53125 0 0
44 0.54375 0 0
45 0.55625 0 0
46 0.56875 0 0
47 0.58125 0 0
48 0.59375 0 0
49 0.60625 0 0
50 0.61875 0 0
51 0.63125 0 0
52 0.64375 0 0
53 0.65625 0 0
54 0.66875 0 0
55 0.68125 0 0
56 0.69375 0 0
57 0.70625 0 0
58 0.71875 0 0
59 0.73125 0 0
60 0.74375 0 0
61 0.75625 0 0
62 0.76875 0 0
63 0.78125 0 0
64 0.79375 0 0
65 0.80625 0 0
66 0.81875 0 0
67 0.83125 0 0
68 0.84375 0 0
69 0.85625 0 0
70 0.86875 0 0
71 0.88125 0.00100114 9.76563e-05
72 0.89375 0.00194667 0.000292969
73 0.90625 0.0123067 0.0015625
74 0.91875 0.0331591 0.00507813
75 0.93125 0.0932388 0.0152344
76 0.94375 0.195537 0.0371094
77 0.95625 0.337554 0.0758789
78 0.96875 0.627975 0.149902
79 0.98125 0.956068 0.265527
80 0.99375 1.27701 0.423926
81 1.00625 1.62403 0.630469
82 1.01875 1.98896 0.889746
83 1.03125 2.25613 1.19111
84 1.04375 2.47576 1.52988
85 1.05625 2.56176 1.88887
86 1.06875 2.63016 2.26621
87 1.08125 2.68076 2.65986
88 1.09375 2.63414 3.05566
89 1.10625 2.57113 3.45088
90 1.11875 2.432 3.8332
91 1.13125 2.3664 4.21357
92 1.14375 2.22581 4.5793
93 1.15625 2.12793 4.93662
94 1.16875 1.94605 5.27051
95 1.18125 1.87722 5.59951
96 1.19375 1.77592 5.91738
97 1.20625 1.68052 6.22451
98 1.21875 1.51589 6.50732
99 1.23125 1.52271 6.79727
100 1.24375 1.37766 7.06494
101 1.25625 1.33215 7.329
102 1.26875 1.27415 7.58662
103 1.28125 1.19163 7.83232
104 1.29375 1.13063 8.07002
105 1.30625 1.0895 8.30352
106 1.31875 1.00367 8.52275
107 1.33125 0.965167 8.7376
108 1.34375 0.969254 8.95742
109 1.35625 0.882995 9.16143
110 1.36875 0.846191 9.36055
111 1.38125 0.832575 9.56006
112 1.39375 0.812504 9.7583
113 1.40625 0.789081 9.9543
114 1.41875 0.772148 10.1495
115 1.43125 0.727217 10.3366
116 1.44375 0.746758 10.5321
117 1.45625 0.73106 10.7269
118 1.46875 0.694521 10.915
119 1.48125 0.693834 11.1062
120 1.49375 0.690633 11.2998
121 1.50625 0.647005 11.4842
122 1.51875 0.653252 11.6734
123 1.53125 0.672143 11.8714
124 1.54375 0.646294 12.0648
125 1.55625 0.658105 12.265
126 1.56875 0.666931 12.4712
127 1.58125 0.656739 12.6774
128 1.59375 0.680455 12.8945
129 1.60625 0.645496 13.1037
130 1.61875 0.670578 13.3244
131 1.63125 0.657418 13.5441
132 1.64375 0.687168 13.7773
133 1.65625 0.725869 14.0274
134 1.66875 0.689348 14.2686
135 1.68125 0.715445 14.5226
136 1.69375 0.747203 14.7918
137 1.70625 0.746176 15.0646
138 1.71875 0.764314 15.3482
139 1.73125 0.767065 15.637
140 1.74375 0.800343 15.9427
141 1.75625 0.810165 16.2565
142 1.76875 0.805216 16.5729
143 1.78125 0.879231 16.9233
144 1.79375 0.88031 17.2791
145 1.80625 0.890808 17.6441
146 1.81875 0.916683 18.025
147 1.83125 0.941307 18.4215
148 1.84375 0.956262 18.8298
149 1.85625 0.954257 19.2428
150 1.86875 1.0582 19.7069
151 1.88125 1.02221 20.1613
152 1.89375 1.04757 20.6332
153 1.90625 1.04671 21.1109
154 1.91875 1.08908 21.6146
155 1.93125 1.12006 22.1393
156 1.94375 1.13122 22.6761
157 1.95625 1.15053 23.2291
158 1.96875 1.17549 23.8014
159 1.98125 1.16743 24.377
160 1.99375 1.17905 24.9656
161 2.00625 1.17812 25.5612
162 2.01875 1.21947 26.1854
163 2.03125 1.20489 26.8099
164 2.04375 1.22296 27.4515
165 2.05625 1.24822 28.1144
166 2.06875 1.23245 28.7769
167 2.08125 1.23313 29.4478
168 2.09375 1.21242 30.1153
169 2.10625 1.22629 30.7986
170 2.11875 1.18311 31.4657
171 2.13125 1.22063 32.1621
172 2.14375 1.21946 32.866
173 2.15625 1.18111 33.5558
174 2.16875 1.18523 34.256
175 2.18125 1.18083 34.9616
176 2.19375 1.15304 35.6586
177 2.20625 1.14544 36.3589
178 2.21875 1.10903 37.0446
179 2.23125 1.09368 37.7285
180 2.24375 1.07272 38.4068
181 2.25625 1.06484 39.0877
182 2.26875 1.03199 39.7549
183 2.28125 1.04985 40.4411
184 2.29375 1.03119 41.1226
185 2.30625 1.02297 41.806
186 2.31875 1.02484 42.498
187 2.33125 0.984837 43.1703
188 2.34375 0.970822 43.8401
189 2.35625 0.954667 44.5059
190 2.36875 0.962493 45.1842
191 2.38125 0.927322 45.8446
192 2.39375 0.942901 46.5232
193 2.40625 0.917419 47.1904
194 2.41875 0.909157 47.8585
195 2.43125 0.921141 48.5424
196 2.44375 0.913565 49.2276
197 2.45625 0.906223 49.9144
198 2.46875 0.884312 50.5913
199 2.48125 0.875551 51.2684
200 2.49375 0.890675 51.9641
100000 200
1 0.00625 0 0
2 0.01875 0 0
3 0.03125 0 0
4 0.04375 0 0
5 0.05625 0 0
6 0.06875 0 0
7 0.08125 0 0
8 0.09375 0 0
9 0.10625 0 0
10 0.11875 0 0
11 0.13125 0 0
12 0.14375 0 0
13 0.15625 0 0
14 0.16875 0 0
15 0.18125 0 0
16 0.19375 0 0
17 0.20625 0 0
18 0.21875 0 0
19 0.23125 0 0
20 0.24375 0 0
21 0.25625 0 0
22 0.26875 0 0
23 0.28125 0 0
24 0.29375 0 0
25 0.30625 0 0
26 0.31875 0 0
27 0.33125 0 0
28 0.34375 0 0
29 0.35625 0 0
30 0.36875 0 0
31 0.38125 0 0
32 0.39375 0 0
33 0.40625 0 0
34 0.41875 0 0
35 0.43125 0 0
36 0.44375 0 0
37 0.45625 0 0
38 0.46875 0 0
39 0.48125 0 0
40 0.49375 0 0
41 0.50625 0 0
42 0.51875 0 0
43 0.53125 0 0
44 0.54375 0 0
45 0.55625 0 0
46 0.56875 0 0
47 0.58125 0 0
48 0.59375 0 0
49 0.60625 0 0
50 0.61875 0 0
51 0.63125 0 0
52 0.64375 0 0
53 0.65625 0 0
54 0.66875 0 0
55 0.68125 0 0
56 0.69375 0 0
57 0.70625 0 0
58 0.71875 0 0
59 0.73125 0 0
60 0.74375 0 0
61 0.75625 0 0
62 0.76875 0 0
63 0.78125 0 0
64 0.79375 0 0
65 0.80625 0 0
66 0.81875 0 0
67 0.83125 0 0
68 0.84375 0 0
69 0.85625 0 0
70 0.86875 0 0
71 0.88125 0.00100114 9.76563e-05
72 0.89375 0 9.76563e-05
73 0.90625 0.00568003 0.000683594
74 0.91875 0.0350013 0.00439453
75 0.93125 0.0914457 0.0143555
76 0.94375 0.186808 0.0352539
77 0.95625 0.369864 0.0777344
78 0.96875 0.610577 0.149707
79 0.98125 0.930228 0.262207
80 0.99375 1.27622 0.420508
81 1.00625 1.66396 0.632129
82 1.01875 1.93727 0.884668
83 1.03125 2.24444 1.18447
84 1.04375 2.41153 1.51445
85 1.05625 2.56246 1.87354
86 1.06875 2.62471 2.2501
87 1.08125 2.62689 2.63584
88 1.09375 2.68743 3.03965
89 1.10625 2.45868 3.41758
90 1.11875 2.4761 3.80684
91 1.13125 2.37187 4.18809
92 1.14375 2.26444 4.56016
93 1.15625 2.10699 4.91396
94 1.16875 2.03883 5.26377
95 1.18125 1.90007 5.59678
96 1.19375 1.78246 5.91582
97 1.20625 1.67732 6.22236
98 1.21875 1.53316 6.5084
99 1.23125 1.53502 6.80068
100 1.24375 1.41837 7.07627
101 1.25625 1.36516 7.34687
102 1.26875 1.26304 7.60225
103 1.28125 1.16748 7.84297
104 1.29375 1.1362 8.08184
105 1.30625 1.05578 8.30811
106 1.31875 1.01574 8.52998
107 1.33125 0.94718 8.74082
108 1.34375 0.930071 8.95176
109 1.35625 0.880036 9.15508
110 1.36875 0.859886 9.35742
111 1.38125 0.824832 9.55508
112 1.39375 0.798095 9.7498
113 1.40625 0.801269 9.94883
114 1.41875 0.78335 10.1469
115 1.43125 0.729115 10.3345
116 1.44375 0.75571 10.5323
117 1.45625 0.701729 10.7192
118 1.46875 0.673257 10.9017
119 1.48125 0.704819 11.0959
120 1.49375 0.687149 11.2885
121 1.50625 0.645292 11.4724
122 1.51875 0.659657 11.6635
123 1.53125 0.692038 11.8673
124 1.54375 0.638791 12.0585
125 1.55625 0.663562 12.2604
126 1.56875 0.659032 12.4641
127 1.58125 0.656428 12.6702
128 1.59375 0.668211 12.8834
129 1.60625 0.668398 13.1
130 1.61875 0.672655 13.3214
131 1.63125 0.712933 13.5597
132 1.64375 0.703858 13.7985
133 1.65625 0.705462 14.0416
134 1.66875 0.733183 14.298
135 1.68125 0.720671 14.5539
136 1.69375 0.729315 14.8167
137 1.70625 0.738431 15.0867
138 1.71875 0.734573 15.3593
139 1.73125 0.772513 15.6501
140 1.74375 0.820032 15.9633
141 1.75625 0.817475 16.28
142 1.76875 0.839016 16.6097
143 1.78125 0.853746 16.9499
144 1.79375 0.866778 17.3002
145 1.80625 0.86507 17.6547
146 1.81875 0.902815 18.0298
147 1.83125 0.933192 18.4229
148 1.84375 0.963581 18.8343
149 1.85625 0.977273 19.2572
150 1.86875 1.00988 19.7002
151 1.88125 1.01628 20.152
152 1.89375 1.04605 20.6231
153 1.90625 1.04008 21.0979
154 1.91875 1.09774 21.6055
155 1.93125 1.11235 22.1266
156 1.94375 1.17073 22.6821
157 1.95625 1.14423 23.2321
158 1.96875 1.12855 23.7815
159 1.98125 1.15535 24.3512
160 1.99375 1.18688 24.9438
161 2.00625 1.20091 25.5509
162 2.01875 1.19792 26.1641
163 2.03125 1.23617 26.8047
164 2.04375 1.21477 27.442
165 2.05625 1.24583 28.1036
166 2.06875 1.22028 28.7596
167 2.08125 1.19957 29.4122
168 2.09375 1.21118 30.0791
169 2.10625 1.22436 30.7613
170 2.11875 1.19333 31.4342
171 2.13125 1.19649 32.1168
172 2.14375 1.21455 32.8179
173 2.15625 1.19934 33.5183
174 2.16875 1.18457 34.2181
175 2.18125 1.15534 34.9085
176 2.19375 1.13219 35.5929
177 2.20625 1.14464 36.2927
178 2.21875 1.11993 36.9852
179 2.23125 1.10227 37.6744
180 2.24375 1.11071 38.3768
181 2.25625 1.07202 39.0622
182 2.26875 1.07262 39.7557
183 2.28125 1.05582 40.4458
184 2.29375 1.02839 41.1254
185 2.30625 1.03364 41.8159
186 2.31875 0.994182 42.4873
187 2.33125 0.9887 43.1622
188 2.34375 0.957375 43.8228
189 2.35625 0.973993 44.502
190 2.36875 0.952793 45.1734
191 2.38125 0.930476 45.8361
192 2.39375 0.936252 46.51
193 2.40625 0.906408 47.1691
194 2.41875 0.925504 47.8492
195 2.43125 0.92785 48.5381
196 2.44375 0.897551 49.2113
197 2.45625 0.905321 49.8974
198 2.46875 0.908678 50.593
199 2.48125 0.881108 51.2743
200 2.49375 0.879423 51.9612
110000 200
1 0.00625 0 0
2 0.01875 0 0
3 0.03125 0 0
4 0.04375 0 0
5 0.05625 0 0
6 0.06875 0 0
7 0.08125 0 0
8 0.09375 0 0
9 0.10625 0 0
10 0.11875 0 0
11 0.13125 0 0
12 0.14375 0 0
13 0.15625 0 0
14 0.16875 0 0
15 0.18125 0 0
16 0.19375 0 0
17 0.20625 0 0
18 0.21875 0 0
19 0.23125 0 0
20 0.24375 0 0
21 0.25625 0 0
22 0.26875 0 0
23 0.28125 0 0
24 0.29375 0 0
25 0.30625 0 0
26 0.31875 0 0
27 0.33125 0 0
28 0.34375 0 0
29 0.35625 0 0
30 0.36875 0 0
31 0.38125 0 0
32 0.39375 0 0
33 0.40625 0 0
34 0.41875 0 0
35 0.43125 0 0
36 0.44375 0 0
37 0.45625 0 0
38 0.46875 0 0
39 0.48125 0 0
40 0.49375 0 0
41 0.50625 0 0
42 0.51875 0 0
43 0.53125 0 0
44 0.54375 0 0
45 0.55625 0 0
46 0.56875 0 0
47 0.58125 0 0
48 0.59375 0 0
49 0.60625 0 0
50 0.61875 0 0
51 0.63125 0 0
52 0.64375 0 0
53 0.65625 0 0
54 0.66875 0 0
55 0.68125 0 0
56 0.69375 0 0
57 0.70625 0 0
58 0.71875 0 0
59 0.73125 0 0
60 0.74375 0 0
61 0.75625 0 0
62 0.76875 0 0
63 0.78125 0 0
64 0.79375 0 0
65 0.80625 0 0
66 0.81875 0 0
67 0.83125 0 0
68 0.84375 0 0
69 0.85625 0 0
70 0.86875 0 0
71 0.88125 0 0
72 0.89375 0.000973337 9.76563e-05
73 0.90625 0.0132534 0.00146484
74 0.91875 0.0267115 0.00429688
75 0.93125 0.0869631 0.0137695
76 0.94375 0.1903 0.0350586
77 0.95625 0.371565 0.0777344
78 0.96875 0.609748 0.149609
79 0.98125 0.954453 0.265039
80 0.99375 1.27622 0.42334
81 1.00625 1.61559 0.628809
82 1.01875 2.03166 0.893652
83 1.03125 2.26125 1.1957
84 1.04375 2.43151 1.52842
85 1.05625 2.5102 1.88018
86 1.06875 2.59 2.25176
87 1.08125 2.62623 2.6374
88 1.09375 2.65363 3.03613
89 1.10625 2.55207 3.42842
90 1.11875 2.44691 3.81309
91 1.13125 2.36944 4.19395
92 1.14375 2.22284 4.55918
93 1.15625 2.08664 4.90957
94 1.16875 1.99045 5.25107
95 1.18125 1.82262 5.57051
96 1.19375 1.80811 5.89414
97 1.20625 1.69442 6.20381
98 1.21875 1.58498 6.49951
99 1.23125 1.47296 6.77998
100 1.24375 1.40681 7.05332
101 1.25625 1.32033 7.31504
102 1.26875 1.3041 7.57871
103 1.28125 1.19731 7.82559
104 1.29375 1.15246 8.06787
105 1.30625 1.08904 8.30127
106 1.31875 1.02289 8.52471
107 1.33125 0.986225 8.74424
108 1.34375 0.920598 8.95303
109 1.35625 0.88384 9.15723
110 1.36875 0.872751 9.3626
111 1.38125 0.830944 9.56172
112 1.39375 0.830916 9.76445
113 1.40625 0.780825 9.9584
114 1.41875 0.755538 10.1494
115 1.43125 0.744297 10.3409
116 1.44375 0.757575 10.5393
117 1.45625 0.706862 10.7275
118 1.46875 0.712542 10.9206
119 1.48125 0.697732 11.1129
120 1.49375 0.670075 11.3007
121 1.50625 0.664482 11.49
122 1.51875 0.641118 11.6758
123 1.53125 0.670485 11.8732
124 1.54375 0.665869 12.0726
125 1.55625 0.63467 12.2656
126 1.56875 0.670722 12.4729
127 1.58125 0.677884 12.6858
128 1.59375 0.663313 12.8975
129 1.60625 0.652728 13.109
130 1.61875 0.678886 13.3324
131 1.63125 0.675241 13.5581
132 1.64375 0.675658 13.7874
133 1.65625 0.705462 14.0305
134 1.66875 0.693536 14.273
135 1.68125 0.741576 14.5363
136 1.69375 0.771595 14.8144
137 1.70625 0.756325 15.0909
138 1.71875 0.745627 15.3676
139 1.73125 0.753835 15.6514
140 1.74375 0.798553 15.9563
141 1.75625 0.826046 16.2764
142 1.76875 0.840507 16.6066
143 1.78125 0.854972 16.9474
144 1.79375 0.880552 17.3032
145 1.80625 0.885327 17.666
146 1.81875 0.917623 18.0473
147 1.83125 0.920673 18.4351
148 1.84375 0.955347 18.843
149 1.85625 0.997581 19.2747
150 1.86875 1.03571 19.729
151 1.88125 1.00815 20.1771
152 1.89375 1.03695 20.6442
153 1.90625 1.07667 21.1356
154 1.91875 1.09288 21.641
155 1.93125 1.08045 22.1472
156 1.94375 1.09726 22.6679
157 1.95625 1.13306 23.2125
158 1.96875 1.15342 23.774
159 1.98125 1.1712 24.3515
160 1.99375 1.15049 24.9259
161 2.00625 1.18179 25.5233
162 2.01875 1.20707 26.1412
163 2.03125 1.22901 26.7781
164 2.04375 1.19578 27.4055
165 2.05625 1.22395 28.0555
166 2.06875 1.22719 28.7151
167 2.08125 1.22523 29.3817
168 2.09375 1.23902 30.064
169 2.10625 1.21998 30.7437
170 2.11875 1.21411 31.4283
171 2.13125 1.19067 32.1076
172 2.14375 1.20491 32.8031
173 2.15625 1.17961 33.492
174 2.16875 1.18275 34.1907
175 2.18125 1.15616 34.8816
176 2.19375 1.14625 35.5745
177 2.20625 1.14688 36.2757
178 2.21875 1.1482 36.9856
179 2.23125 1.11679 37.684
180 2.24375 1.1067 38.3838
181 2.25625 1.06805 39.0667
182 2.26875 1.07444 39.7613
183 2.28125 1.02415 40.4308
184 2.29375 1.05927 41.1308
185 2.30625 1.0161 41.8096
186 2.31875 1.00908 42.491
187 2.33125 0.997856 43.1722
188 2.34375 0.968982 43.8407
189 2.35625 0.985336 44.5278
190 2.36875 0.941154 45.1911
191 2.38125 0.936646 45.8582
192 2.39375 0.932589 46.5294
193 2.40625 0.914062 47.1941
194 2.41875 0.90517 47.8593
195 2.43125 0.922457 48.5441
196 2.44375 0.894817 49.2153
197 2.45625 0.916404 49.9098
198 2.46875 0.892732 50.5932
199 2.48125 0.890706 51.2819
200 2.49375 0.912555 51.9947
120000 200
1 0.00625 0 0
2 0.01875 0 0
3 0.03125 0 0
4 0.04375 0 0
5 0.05625 0 0
6 0.06875 0 0
7 0.08125 0 0
8 0.09375 0 0
9 0.10625 0 0
10 0.11875 0 0
11 0.13125 0 0
12 0.14375 0 0
13 0.15625 0 0
14 0.16875 0 0
15 0.18125 0 0
16 0.19375 0 0
17 0.20625 0 0
18 0.21875 0 0
19 0.23125 0 0
20 0.24375 0 0
21 0.25625 0 0
22 0.26875 0 0
23 0.28125 0 0
24 0.29375 0 0
25 0.30625 0 0
26 0.31875 0 0
27 0.33125 0 0
28 0.34375 0 0
29 0.35625 0 0
30 0.36875 0 0
31 0.38125 0 0
32 0.39375 0 0
33 0.40625 0 0
34 0.41875 0 0
35 0.43125 0 0
36 0.44375 0 0
37 0.45625 0 0
38 0.46875 0 0
39 0.48125 0 0
40 0.49375 0 0
41 0.50625 0 0
42 0.51875 0 0
43 0.53125 0 0
44 0.54375 0 0
45 0.55625 0 0
46 0.56875 0 0
47 0.58125 0 0
48 0.59375 0 0
49 0.60625 0 0
50 0.61875 0 0
51 0.63125 0 0
52 0.64375 0 0
53 0.65625 0 0
54 0.66875 0 0
55 0.68125 0 0
56 0.69375 0 0
57 0.70625 0 0
58 0.71875 0 0
59 0.73125 0 0
60 0.74375 0 0
61 0.75625 0 0
62 0.76875 0 0
63 0.78125 0 0
64 0.79375 0 0
65 0.80625 0 0
66 0.81875 0 0
67 0.83125 0 0
68 0.84375 0 0
69 0.85625 0 0
70 0.86875 0 0
71 0.88125 0 0
72 0.89375 0.000973337 9.76563e-05
73 0.90625 0.0104134 0.00117187
74 0.91875 0.0294748 0.00429688
75 0.93125 0.08517 0.0135742
76 0.94375 0.208632 0.0369141
77 0.95625 0.357961 0.0780273
78 0.96875 0.651171 0.154785
79 0.98125 0.931036 0.267383
80 0.99375 1.30299 0.429004
81 1.00625 1.60561 0.633203
82 1.01875 2.02792 0.897559
83 1.03125 2.18449 1.18936
84 1.04375 2.47433 1.52793
85 1.05625 2.55967 1.88662
86 1.06875 2.59476 2.25889
87 1.08125 2.62689 2.64463
88 1.09375 2.61594 3.0377
89 1.10625 2.57367 3.4333
90 1.11875 2.46865 3.82139
91 1.13125 2.33663 4.19697
92 1.14375 2.14557 4.54951
93 1.15625 2.14654 4.90996
94 1.16875 2.03655 5.25938
95 1.18125 1.91957 5.5958
96 1.19375 1.79174 5.9165
97 1.20625 1.67571 6.22275
98 1.21875 1.61849 6.52471
99 1.23125 1.48527 6.80752
100 1.24375 1.4239 7.08418
101 1.25625 1.34447 7.35068
102 1.26875 1.20702 7.59473
103 1.28125 1.18405 7.83887
104 1.29375 1.14177 8.07891
105 1.30625 1.07355 8.30898
106 1.31875 1.00277 8.52803
107 1.33125 0.975696 8.74521
108 1.34375 0.941266 8.95869
109 1.35625 0.884686 9.16309
110 1.36875 0.873581 9.36865
111 1.38125 0.821979 9.56563
112 1.39375 0.814105 9.76426
113 1.40625 0.780038 9.95801
114 1.41875 0.76674 10.1519
115 1.43125 0.759099 10.3472
116 1.44375 0.678498 10.5248
117 1.45625 0.718594 10.7162
118 1.46875 0.693801 10.9042
119 1.48125 0.683203 11.0925
120 1.49375 0.672514 11.281
121 1.50625 0.657286 11.4683
122 1.51875 0.674825 11.6638
123 1.53125 0.663521 11.8592
124 1.54375 0.645968 12.0525
125 1.55625 0.683787 12.2605
126 1.56875 0.666615 12.4666
127 1.58125 0.63746 12.6668
128 1.59375 0.660252 12.8774
129 1.60625 0.677439 13.097
130 1.61875 0.652181 13.3116
131 1.63125 0.694233 13.5437
132 1.64375 0.704721 13.7828
133 1.65625 0.70943 14.0272
134 1.66875 0.718385 14.2785
135 1.68125 0.718745 14.5337
136 1.69375 0.72254 14.794
137 1.70625 0.744841 15.0664
138 1.71875 0.762998 15.3495
139 1.73125 0.772253 15.6402
140 1.74375 0.769659 15.9342
141 1.75625 0.845456 16.2617
142 1.76875 0.821122 16.5844
143 1.78125 0.869184 16.9308
144 1.79375 0.862187 17.2792
145 1.80625 0.912971 17.6533
146 1.81875 0.933136 18.041
147 1.83125 0.984199 18.4556
148 1.84375 0.95123 18.8617
149 1.85625 0.976822 19.2845
150 1.86875 0.989624 19.7186
151 1.88125 1.01694 20.1706
152 1.89375 1.01505 20.6278
153 1.90625 1.06426 21.1136
154 1.91875 1.10344 21.6238
155 1.93125 1.10693 22.1424
156 1.94375 1.10837 22.6684
157 1.95625 1.16597 23.2288
158 1.96875 1.14861 23.788
159 1.98125 1.16308 24.3614
160 1.99375 1.22599 24.9735
161 2.00625 1.204 25.5822
162 2.01875 1.16873 26.1805
163 2.03125 1.19471 26.7996
164 2.04375 1.2304 27.4451
165 2.05625 1.23461 28.1008
166 2.06875 1.22283 28.7581
167 2.08125 1.22523 29.4247
168 2.09375 1.22856 30.1012
169 2.10625 1.21157 30.7763
170 2.11875 1.17982 31.4415
171 2.13125 1.19461 32.123
172 2.14375 1.2022 32.817
173 2.15625 1.19984 33.5177
174 2.16875 1.19085 34.2212
175 2.18125 1.16923 34.9199
176 2.19375 1.15142 35.6159
177 2.20625 1.10598 36.2921
178 2.21875 1.14947 37.0028
179 2.23125 1.11507 37.7001
180 2.24375 1.09403 38.3919
181 2.25625 1.0766 39.0803
182 2.26875 1.07625 39.7761
183 2.28125 1.05328 40.4646
184 2.29375 1.01154 41.133
185 2.30625 1.01069 41.8082
186 2.31875 0.996352 42.4811
187 2.33125 1.00587 43.1677
188 2.34375 0.977333 43.842
189 2.35625 0.961389 44.5124
190 2.36875 0.946281 45.1793
191 2.38125 0.952963 45.858
192 2.39375 0.925126 46.5238
193 2.40625 0.914465 47.1889
194 2.41875 0.926567 47.8697
195 2.43125 0.907988 48.5438
196 2.44375 0.898723 49.218
197 2.45625 0.905192 49.9039
198 2.46875 0.882782 50.5797
199 2.48125 0.886664 51.2653
200 2.49375 0.877048 51.9504
130000 200
1 0.00625 0 0
2 0.01875 0 0
3 0.03125 0 0
4 0.04375 0 0
5 0.05625 0 0
6 0.06875 0 0
7 0.08125 0 0
8 0.09375 0 0
9 0.10625 0 0
10 0.11875 0 0
11 0.13125 0 0
12 0.14375 0 0
13 0.15625 0 0
14 0.16875 0 0
15 0.18125 0 0
16 0.19375 0 0
17 0.20625 0 0
18 0.21875 0 0
19 0.23125 0 0
20 0.24375 0 0
21 0.25625 0 0
22 0.26875 0 0
23 0.28125 0 0
24 0.29375 0 0
25 0.30625 0 0
26 0.31875 0 0
27 0.33125 0 0
28 0.34375 0 0
29 0.35625 0 0
30 0.36875 0 0
31 0.38125 0 0
32 0.39375 0 0
33 0.40625 0 0
34 0.41875 0 0
35 0.43125 0 0
36 0.44375 0 0
37 0.45625 0 0
38 0.46875 0 0
39 0.48125 0 0
40 0.49375 0 0
41 0.50625 0 0
42 0.51875 0 0
43 0.53125 0 0
44 0.54375 0 0
45 0.55625 0 0
46 0.56875 0 0
47 0.58125 0 0
48 0.59375 0 0
49 0.60625 0 0
50 0.61875 0 0
51 0.63125 0 0
52 0.64375 0 0
53 0.65625 0 0
54 0.66875 0 0
55 0.68125 0 0
56 0.69375 0 0
57 0.70625 0 0
58 0.71875 0 0
59 0.73125 0 0
60 0.74375 0 0
61 0.75625 0 0
62 0.76875 0 0
63 0.78125 0 0
64 0.79375 0 0
65 0.80625 0 0
66 0.81875 0 0
67 0.83125 0 0
68 0.84375 0 0
69 0.85625 0 0
70 0.86875 0 0
71 0.88125 0 0
72 0.89375 0.00292001 0.000292969
73 0.90625 0.00852004 0.00117187
74 0.91875 0.0303959 0.00439453
75 0.93125 0.0887561 0.0140625
76 0.94375 0.184189 0.034668
77 0.95625 0.351159 0.075
78 0.96875 0.618861 0.147949
79 0.98125 0.985138 0.26709
80 0.99375 1.35259 0.434863
81 1.00625 1.644 0.643945
82 1.01875 1.93352 0.895996
83 1.03125 2.2554 1.19727
84 1.04375 2.47076 1.53535
85 1.05625 2.60985 1.90107
86 1.06875 2.59136 2.27285
87 1.08125 2.67012 2.66494
88 1.09375 2.61529 3.05791
89 1.10625 2.50951 3.44365
90 1.11875 2.39224 3.81973
91 1.13125 2.3664 4.2001
92 1.14375 2.23294 4.56699
93 1.15625 2.14247 4.92676
94 1.16875 1.96313 5.26357
95 1.18125 1.89617 5.5959
96 1.19375 1.73118 5.90576
97 1.20625 1.70724 6.21777
98 1.21875 1.59022 6.51445
99 1.23125 1.4786 6.796
100 1.24375 1.44652 7.07705
101 1.25625 1.26909 7.32861
102 1.26875 1.26256 7.58389
103 1.28125 1.19637 7.83057
104 1.29375 1.10647 8.06318
105 1.30625 1.07218 8.29297
106 1.31875 1.00635 8.51279
107 1.33125 0.993683 8.73398
108 1.34375 0.940835 8.94736
109 1.35625 0.88384 9.15156
110 1.36875 0.864036 9.35488
111 1.38125 0.816273 9.55049
112 1.39375 0.796494 9.74482
113 1.40625 0.801663 9.94395
114 1.41875 0.770603 10.1388
115 1.43125 0.747333 10.3311
116 1.44375 0.69491 10.513
117 1.45625 0.733993 10.7085
118 1.46875 0.705334 10.8996
119 1.48125 0.706237 11.0942
120 1.49375 0.678786 11.2845
121 1.50625 0.647005 11.4688
122 1.51875 0.67314 11.6639
123 1.53125 0.677448 11.8634
124 1.54375 0.665543 12.0626
125 1.55625 0.641411 12.2577
126 1.56875 0.662824 12.4626
127 1.58125 0.648343 12.6662
128 1.59375 0.659334 12.8766
129 1.60625 0.665988 13.0924
130 1.61875 0.660786 13.3099
131 1.63125 0.706797 13.5461
132 1.64375 0.691484 13.7808
133 1.65625 0.697525 14.0211
134 1.66875 0.714756 14.2711
135 1.68125 0.726722 14.5291
136 1.69375 0.727418 14.7912
137 1.70625 0.741903 15.0625
138 1.71875 0.775894 15.3504
139 1.73125 0.79534 15.6498
140 1.74375 0.787814 15.9507
141 1.75625 0.816719 16.2671
142 1.76875 0.835536 16.5954
143 1.78125 0.850806 16.9345
144 1.79375 0.888285 17.2935
145 1.80625 0.890093 17.6582
146 1.81875 0.890123 18.028
147 1.83125 0.93667 18.4226
148 1.84375 0.972043 18.8376
149 1.85625 0.99555 19.2685
150 1.86875 0.994076 19.7045
151 1.88125 1.02089 20.1583
152 1.89375 1.07142 20.6409
153 1.90625 1.0664 21.1276
154 1.91875 1.05931 21.6175
155 1.93125 1.1113 22.1381
156 1.94375 1.14439 22.6812
157 1.95625 1.14952 23.2337
158 1.96875 1.15081 23.7939
159 1.98125 1.16387 24.3678
160 1.99375 1.17494 24.9544
161 2.00625 1.19299 25.5575
162 2.01875 1.18571 26.1645
163 2.03125 1.23862 26.8063
164 2.04375 1.22072 27.4468
165 2.05625 1.2256 28.0977
166 2.06875 1.24117 28.7648
167 2.08125 1.23923 29.4391
168 2.09375 1.21207 30.1064
169 2.10625 1.23716 30.7958
170 2.11875 1.21429 31.4805
171 2.13125 1.2083 32.1698
172 2.14375 1.19764 32.8611
173 2.15625 1.18814 33.555
174 2.16875 1.18936 34.2576
175 2.18125 1.16416 34.9533
176 2.19375 1.13656 35.6403
177 2.20625 1.1333 36.3332
178 2.21875 1.10098 37.014
179 2.23125 1.11538 37.7114
180 2.24375 1.10067 38.4074
181 2.25625 1.08179 39.0991
182 2.26875 1.05072 39.7784
183 2.28125 1.05582 40.4686
184 2.29375 1.01952 41.1423
185 2.30625 1.00294 41.8123
186 2.31875 0.997364 42.4858
187 2.33125 0.982119 43.1562
188 2.34375 0.971671 43.8267
189 2.35625 0.934501 44.4783
190 2.36875 0.956812 45.1526
191 2.38125 0.935686 45.819
192 2.39375 0.941951 46.497
193 2.40625 0.917956 47.1646
194 2.41875 0.920188 47.8407
195 2.43125 0.904962 48.5126
196 2.44375 0.899113 49.187
197 2.45625 0.884057 49.8569
198 2.46875 0.888522 50.5371
199 2.48125 0.889064 51.2246
200 2.49375 0.8868 51.9173
140000 200
1 0.00625 0 0
2 0.01875 0 0
3 0.03125 0 0
4 0.04375 0 0
5 0.05625 0 0
6 0.06875 0 0
7 0.08125 0 0
8 0.09375 0 0
9 0.10625 0 0
10 0.11875 0 0
11 0.13125 0 0
12 0.14375 0 0
13 0.15625 0 0
14 0.16875 0 0
15 0.18125 0 0
16 0.19375 0 0
17 0.20625 0 0
18 0.21875 0 0
19 0.23125 0 0
20 0.24375 0 0
21 0.25625 0 0
22 0.26875 0 0
23 0.28125 0 0
24 0.29375 0 0
25 0.30625 0 0
26 0.31875 0 0
27 0.33125 0 0
28 0.34375 0 0
29 0.35625 0 0
30 0.36875 0 0
31 0.38125 0 0
32 0.39375 0 0
33 0.40625 0 0
34 0.41875 0 0
35 0.43125 0 0
36 0.44375 0 0
37 0.45625 0 0
38 0.46875 0 0
39 0.48125 0 0
40 0.49375 0 0
41 0.50625 0 0
42 0.51875 0 0
43 0.53125 0 0
44 0.54375 0 0
45 0.55625 0 0
46 0.56875 0 0
47 0.58125 0 0
48 0.59375 0 0
49 0.60625 0 0
50 0.61875 0 0
51 0.63125 0 0
52 0.64375 0 0
53 0.65625 0 0
54 0.66875 0 0
55 0.68125 0 0
56 0.69375 0 0
57 0.70625 0 0
58 0.71875 0 0
59 0.73125 0 0
60 0.74375 0 0
61 0.75625 0 0
62 0.76875 0 0
63 0.78125 0 0
64 0.79375 0 0
65 0.80625 0 0
66 0.81875 0 0
67 0.83125 0 0
68 0.84375 0 0
69 0.85625 0 0
70 0.86875 0 0
71 0.88125 0 0
72 0.89375 0.00194667 0.000195313
73 0.90625 0.00757337 0.000976562
74 0.91875 0.0386857 0.00507813
75 0.93125 0.0735152 0.0130859
76 0.94375 0.169349 0.0320312
77 0.95625 0.38857 0.0766602
78 0.96875 0.64123 0.152246
79 0.98125 0.923768 0.263965
80 0.99375 1.30692 0.426074
81 1.00625 1.64937 0.63584
82 1.01875 1.97922 0.893848
83 1.03125 2.28172 1.19863
84 1.04375 2.42794 1.53086
85 1.05625 2.52413 1.88457
86 1.06875 2.60634 2.2585
87 1.08125 2.67478 2.65127
88 1.09375 2.58409 3.03955
89 1.10625 2.55843 3.43281
90 1.11875 2.48107 3.82285
91 1.13125 2.32023 4.1958
92 1.14375 2.18777 4.55527
93 1.15625 2.12095 4.91143
94 1.16875 1.99329 5.25342
95 1.18125 1.86051 5.57949
96 1.19375 1.77373 5.89697
97 1.20625 1.6848 6.20488
98 1.21875 1.60016 6.50342
99 1.23125 1.48322 6.78584
100 1.24375 1.4234 7.0624
101 1.25625 1.2415 7.3085
102 1.26875 1.24566 7.56035
103 1.28125 1.18358 7.80439
104 1.29375 1.08789 8.03311
105 1.30625 1.07674 8.26387
106 1.31875 0.96835 8.47539
107 1.33125 1.02001 8.70244
108 1.34375 0.957198 8.91953
109 1.35625 0.919769 9.13203
110 1.36875 0.909686 9.34609
111 1.38125 0.84643 9.54893
112 1.39375 0.820109 9.74902
113 1.40625 0.798124 9.94727
114 1.41875 0.778714 10.1441
115 1.43125 0.763274 10.3405
116 1.44375 0.730718 10.5318
117 1.45625 0.719328 10.7234
118 1.46875 0.704253 10.9143
119 1.48125 0.672573 11.0996
120 1.49375 0.694466 11.2942
121 1.50625 0.670994 11.4854
122 1.51875 0.667747 11.6789
123 1.53125 0.684743 11.8806
124 1.54375 0.665217 12.0797
125 1.55625 0.651042 12.2777
126 1.56875 0.654925 12.4802
127 1.58125 0.651764 12.6849
128 1.59375 0.653824 12.8935
129 1.60625 0.674124 13.1119
130 1.61875 0.680072 13.3357
131 1.63125 0.661509 13.5568
132 1.64375 0.698678 13.7939
133 1.65625 0.697525 14.0343
134 1.66875 0.697166 14.2781
135 1.68125 0.730298 14.5374
136 1.69375 0.723353 14.798
137 1.70625 0.756058 15.0745
138 1.71875 0.773789 15.3616
139 1.73125 0.777701 15.6544
140 1.74375 0.798042 15.9592
141 1.75625 0.785966 16.2637
142 1.76875 0.849205 16.5974
143 1.78125 0.863303 16.9414
144 1.79375 0.861462 17.2896
145 1.80625 0.919882 17.6665
146 1.81875 0.930316 18.053
147 1.83125 0.964028 18.4591
148 1.84375 0.956719 18.8676
149 1.85625 0.990135 19.2961
150 1.86875 0.974039 19.7233
151 1.88125 1.00354 20.1694
152 1.89375 1.03803 20.637
153 1.90625 1.08266 21.1312
154 1.91875 1.07177 21.6268
155 1.93125 1.08796 22.1364
156 1.94375 1.11455 22.6653
157 1.95625 1.13367 23.2103
158 1.96875 1.14359 23.767
159 1.98125 1.16149 24.3396
160 1.99375 1.20409 24.9408
161 2.00625 1.17348 25.5341
162 2.01875 1.20994 26.1534
163 2.03125 1.21827 26.7848
164 2.04375 1.21812 27.4238
165 2.05625 1.23516 28.0798
166 2.06875 1.22809 28.7399
167 2.08125 1.22775 29.4079
168 2.09375 1.24239 30.092
169 2.10625 1.21069 30.7666
170 2.11875 1.2084 31.4479
171 2.13125 1.21412 32.1406
172 2.14375 1.21472 32.8418
173 2.15625 1.20118 33.5433
174 2.16875 1.16638 34.2323
175 2.18125 1.17135 34.9323
176 2.19375 1.15756 35.632
177 2.20625 1.12787 36.3216
178 2.21875 1.09956 37.0015
179 2.23125 1.09586 37.6867
180 2.24375 1.08461 38.3726
181 2.25625 1.06667 39.0546
182 2.26875 1.06885 39.7456
183 2.28125 1.04312 40.4274
184 2.29375 1.04375 41.1172
185 2.30625 1.01902 41.7979
186 2.31875 0.993893 42.4691
187 2.33125 0.974107 43.1341
188 2.34375 0.985967 43.8144
189 2.35625 0.977354 44.4959
190 2.36875 0.943371 45.1607
191 2.38125 0.946656 45.835
192 2.39375 0.951042 46.5194
193 2.40625 0.924267 47.1916
194 2.41875 0.916467 47.865
195 2.43125 0.909566 48.5403
196 2.44375 0.900285 49.2156
197 2.45625 0.8963 49.8948
198 2.46875 0.917991 50.5976
199 2.48125 0.879087 51.2773
200 2.49375 0.866671 51.9543
150000 200
1 0.00625 0 0
2 0.01875 0 0
3 0.03125 0 0
4 0.04375 0 0
5 0.05625 0 0
6 0.06875 0 0
7 0.08125 0 0
8 0.09375 0 0
9 0.10625 0 0
10 0.11875 0 0
11 0.13125 0 0
12 0.14375 0 0
13 0.15625 0 0
14 0.16875 0 0
15 0.18125 0 0
16 0.19375 0 0
17 0.20625 0 0
18 0.21875 0 0
19 0.23125 0 0
20 0.24375 0 0
21 0.25625 0 0
22 0.26875 0 0
23 0.28125 0 0
24 0.29375 0 0
25 0.30625 0 0
26 0.31875 0 0
27 0.33125 0 0
28 0.34375 0 0
29 0.35625 0 0
30 0.36875 0 0
31 0.38125 0 0
32 0.39375 0 0
33 0.40625 0 0
34 0.41875 0 0
35 0.43125 0 0
36 0.44375 0 0
37 0.45625 0 0
38 0.46875 0 0
39 0.48125 0 0
40 0.49375 0 0
41 0.50625 0 0
42 0.51875 0 0
43 0.53125 0 0
44 0.54375 0 0
45 0.55625 0 0
46 0.56875 0 0
47 0.58125 0 0
48 0.59375 0 0
49 0.60625 0 0
50 0.61875 0 0
51 0.63125 0 0
52 0.64375 0 0
53 0.65625 0 0
54 0.66875 0 0
55 0.68125 0 0
56 0.69375 0 0
57 0.70625 0 0
58 0.71875 0 0
59 0.73125 0 0
60 0.74375 0 0
61 0.75625 0 0
62 0.76875 0 0
63 0.78125 0 0
64 0.79375 0 0
65 0.80625 0 0
66 0.81875 0 0
67 0.83125 0 0
68 0.84375 0 0
69 0.85625 0 0
70 0.86875 0 0
71 0.88125 0.00100114 9.76563e-05
72 0.89375 0.000973337 0.000195313
73 0.90625 0.00852004 0.00107422
74 0.91875 0.0267115 0.00390625
75 0.93125 0.0762048 0.012207
76 0.94375 0.189427 0.0333984
77 0.95625 0.38942 0.078125
78 0.96875 0.594836 0.148242
79 0.98125 0.933458 0.261133
80 0.99375 1.29433 0.42168
81 1.00625 1.61636 0.627246
82 1.01875 1.98521 0.886035
83 1.03125 2.26198 1.18818
84 1.04375 2.34872 1.50957
85 1.05625 2.55061 1.86699
86 1.06875 2.64377 2.24629
87 1.08125 2.64751 2.63506
88 1.09375 2.59319 3.02471
89 1.10625 2.55271 3.41709
90 1.11875 2.514 3.8123
91 1.13125 2.31719 4.18477
92 1.14375 2.27157 4.55801
93 1.15625 2.16224 4.92109
94 1.16875 1.98362 5.26143
95 1.18125 1.94966 5.60313
96 1.19375 1.81902 5.92871
97 1.20625 1.6848 6.23662
98 1.21875 1.57975 6.53135
99 1.23125 1.47193 6.81162
100 1.24375 1.37163 7.07812
101 1.25625 1.31195 7.33818
102 1.26875 1.23068 7.58701
103 1.28125 1.18121 7.83057
104 1.29375 1.13759 8.06973
105 1.30625 1.07264 8.29961
106 1.31875 1.02289 8.52305
107 1.33125 0.972187 8.73945
108 1.34375 0.933946 8.95127
109 1.35625 0.917655 9.16328
110 1.36875 0.857811 9.36514
111 1.38125 0.819534 9.56152
112 1.39375 0.804099 9.75771
113 1.40625 0.783184 9.95225
114 1.41875 0.76365 10.1453
115 1.43125 0.76707 10.3427
116 1.44375 0.730345 10.5339
117 1.45625 0.698796 10.72
118 1.46875 0.695603 10.9085
119 1.48125 0.693834 11.0997
120 1.49375 0.666939 11.2866
121 1.50625 0.6871 11.4824
122 1.51875 0.658309 11.6731
123 1.53125 0.655563 11.8662
124 1.54375 0.663586 12.0648
125 1.55625 0.664525 12.267
126 1.56875 0.646079 12.4667
127 1.58125 0.667623 12.6764
128 1.59375 0.688107 12.8959
129 1.60625 0.645194 13.105
130 1.61875 0.693128 13.3331
131 1.63125 0.666768 13.556
132 1.64375 0.683139 13.7878
133 1.65625 0.716515 14.0347
134 1.66875 0.706101 14.2816
135 1.68125 0.710218 14.5338
136 1.69375 0.71983 14.7932
137 1.70625 0.75125 15.0679
138 1.71875 0.771157 15.354
139 1.73125 0.79093 15.6518
140 1.74375 0.78986 15.9534
141 1.75625 0.815963 16.2695
142 1.76875 0.834791 16.5976
143 1.78125 0.860363 16.9404
144 1.79375 0.879102 17.2957
145 1.80625 0.887948 17.6596
146 1.81875 0.906576 18.0362
147 1.83125 0.952436 18.4374
148 1.84375 0.964953 18.8494
149 1.85625 0.988104 19.2771
150 1.86875 1.01055 19.7203
151 1.88125 1.00332 20.1663
152 1.89375 1.02199 20.6267
153 1.90625 1.0572 21.1092
154 1.91875 1.10788 21.6215
155 1.93125 1.08983 22.132
156 1.94375 1.10858 22.6581
157 1.95625 1.11823 23.1956
158 1.96875 1.12634 23.7439
159 1.98125 1.17991 24.3257
160 1.99375 1.18199 24.9158
161 2.00625 1.21424 25.5297
162 2.01875 1.1941 26.1409
163 2.03125 1.20621 26.766
164 2.04375 1.21197 27.4019
165 2.05625 1.24822 28.0647
166 2.06875 1.22791 28.7248
167 2.08125 1.21034 29.3833
168 2.09375 1.22608 30.0584
169 2.10625 1.21192 30.7337
170 2.11875 1.21983 31.4215
171 2.13125 1.20642 32.1098
172 2.14375 1.20254 32.8039
173 2.15625 1.2067 33.5086
174 2.16875 1.19333 34.2136
175 2.18125 1.16384 34.9091
176 2.19375 1.14463 35.601
177 2.20625 1.16109 36.3108
178 2.21875 1.15263 37.0235
179 2.23125 1.09352 37.7073
180 2.24375 1.09898 38.4022
181 2.25625 1.07064 39.0868
182 2.26875 1.07096 39.7792
183 2.28125 1.03774 40.4575
184 2.29375 1.01642 41.1292
185 2.30625 1.02677 41.8151
186 2.31875 1.00329 42.4927
187 2.33125 0.989272 43.168
188 2.34375 0.986816 43.8488
189 2.35625 0.961529 44.5193
190 2.36875 0.96374 45.1985
191 2.38125 0.952552 45.877
192 2.39375 0.957555 46.5661
193 2.40625 0.92749 47.2406
194 2.41875 0.908758 47.9084
195 2.43125 0.897728 48.5749
196 2.44375 0.902628 49.252
197 2.45625 0.902743 49.936
198 2.46875 0.891201 50.6183
199 2.48125 0.873278 51.2936
200 2.49375 0.875047 51.9771
160000 200
1 0.00625 0 0
2 0.01875 0 0
3 0.03125 0 0
4 0.04375 0 0
5 0.05625 0 0
6 0.06875 0 0
7 0.08125 0 0
8 0.09375 0 0
9 0.10625 0 0
10 0.11875 0 0
11 0.13125 0 0
12 0.14375 0 0
13 0.15625 0 0
14 0.16875 0 0
15 0.18125 0 0
16 0.19375 0 0
17 0.20625 0 0
18 0.21875 0 0
19 0.23125 0 0
20 0.24375 0 0
21 0.25625 0 0
22 0.26875 0 0
23 0.28125 0 0
24 0.29375 0 0
25 0.30625 0 0
26 0.31875 0 0
27 0.33125 0 0
28 0.34375 0 0
29 0.35625 0 0
30 0.36875 0 0
31 0.38125 0 0
32 0.39375 0 0
33 0.40625 0 0
34 0.41875 0 0
35 0.43125 0 0
36 0.44375 0 0
37 0.45625 0 0
38 0.46875 0 0
39 0.48125 0 0
40 0.49375 0 0
41 0.50625 0 0
42 0.51875 0 0
43 0.53125 0 0
44 0.54375 0 0
45 0.55625 0 0
46 0.56875 0 0
47 0.58125 0 0
48 0.59375 0 0
49 0.60625 0 0
50 0.61875 0 0
51 0.63125 0 0
52 0.64375 0 0
53 0.65625 0 0
54 0.66875 0 0
55 0.68125 0 0
56 0.69375 0 0
57 0.70625 0 0
58 0.71875 0 0
59 0.73125 0 0
60 0.74375 0 0
61 0.75625 0 0
62 0.76875 0 0
63 0.78125 0 0
64 0.79375 0 0
65 0.80625 0 0
66 0.81875 0 0
67 0.83125 0 0
68 0.84375 0 0
69 0.85625 0 0
70 0.86875 0 0
71 0.88125 0 0
72 0.89375 0.000973337 9.76563e-05
73 0.90625 0.00757337 0.000878906
74 0.91875 0.0368435 0.00478516
75 0.93125 0.0797909 0.0134766
76 0.94375 0.183316 0.0339844
77 0.95625 0.396222 0.0794922
78 0.96875 0.640401 0.15498
79 0.98125 0.97787 0.273242
80 0.99375 1.29197 0.433496
81 1.00625 1.61943 0.639453
82 1.01875 1.93652 0.891895
83 1.03125 2.26856 1.19492
84 1.04375 2.43579 1.52822
85 1.05625 2.62867 1.89658
86 1.06875 2.59068 2.26826
87 1.08125 2.66214 2.65918
88 1.09375 2.63673 3.05537
89 1.10625 2.594 3.4541
90 1.11875 2.45188 3.83955
91 1.13125 2.40711 4.22646
92 1.14375 2.19371 4.58691
93 1.15625 2.0721 4.93486
94 1.16875 1.92784 5.26562
95 1.18125 1.90118 5.59883
96 1.19375 1.76282 5.91436
97 1.20625 1.65648 6.21709
98 1.21875 1.56614 6.50928
99 1.23125 1.45347 6.78604
100 1.24375 1.45003 7.06777
101 1.25625 1.30013 7.32549
102 1.26875 1.24904 7.57803
103 1.28125 1.194 7.82422
104 1.29375 1.15106 8.06621
105 1.30625 1.02889 8.28672
106 1.31875 1.02692 8.51104
107 1.33125 0.991929 8.73184
108 1.34375 0.915431 8.93945
109 1.35625 0.906243 9.14883
110 1.36875 0.864866 9.35234
111 1.38125 0.857026 9.55771
112 1.39375 0.830115 9.76025
113 1.40625 0.794979 9.95771
114 1.41875 0.762491 10.1505
115 1.43125 0.748851 10.3432
116 1.44375 0.745639 10.5384
117 1.45625 0.744992 10.7368
118 1.46875 0.678303 10.9206
119 1.48125 0.669029 11.105
120 1.49375 0.651955 11.2877
121 1.50625 0.658999 11.4755
122 1.51875 0.68696 11.6745
123 1.53125 0.660868 11.8691
124 1.54375 0.650536 12.0639
125 1.55625 0.650721 12.2618
126 1.56875 0.627439 12.4558
127 1.58125 0.656739 12.662
128 1.59375 0.671578 12.8763
129 1.60625 0.667796 13.0927
130 1.61875 0.686897 13.3187
131 1.63125 0.668229 13.5421
132 1.64375 0.681988 13.7735
133 1.65625 0.691007 14.0116
134 1.66875 0.728716 14.2665
135 1.68125 0.71572 14.5206
136 1.69375 0.726605 14.7824
137 1.70625 0.735761 15.0515
138 1.71875 0.767998 15.3364
139 1.73125 0.789374 15.6336
140 1.74375 0.812361 15.9438
141 1.75625 0.795545 16.2521
142 1.76875 0.820873 16.5746
143 1.78125 0.87286 16.9225
144 1.79375 0.86412 17.2717
145 1.80625 0.90177 17.6412
146 1.81875 0.896469 18.0137
147 1.83125 0.932729 18.4065
148 1.84375 0.98508 18.8271
149 1.85625 1.00412 19.2617
150 1.86875 1.01901 19.7087
151 1.88125 1.04308 20.1724
152 1.89375 1.03998 20.6408
153 1.90625 1.0679 21.1282
154 1.91875 1.09373 21.634
155 1.93125 1.07941 22.1396
156 1.94375 1.11537 22.6689
157 1.95625 1.15297 23.2231
158 1.96875 1.15121 23.7836
159 1.98125 1.18328 24.367
160 1.99375 1.17866 24.9555
161 2.00625 1.2212 25.5729
162 2.01875 1.19601 26.1851
163 2.03125 1.21035 26.8123
164 2.04375 1.21067 27.4475
165 2.05625 1.22431 28.0977
166 2.06875 1.23155 28.7597
167 2.08125 1.23187 29.4299
168 2.09375 1.22484 30.1043
169 2.10625 1.21297 30.7802
170 2.11875 1.20268 31.4583
171 2.13125 1.22268 32.1559
172 2.14375 1.21574 32.8576
173 2.15625 1.21974 33.5699
174 2.16875 1.19663 34.2769
175 2.18125 1.14978 34.964
176 2.19375 1.16386 35.6675
177 2.20625 1.13505 36.3614
178 2.21875 1.10256 37.0432
179 2.23125 1.10227 37.7324
180 2.24375 1.09481 38.4247
181 2.25625 1.06133 39.1033
182 2.26875 1.04951 39.7818
183 2.28125 1.04835 40.4671
184 2.29375 1.01671 41.139
185 2.30625 1.0101 41.8138
186 2.31875 0.991001 42.483
187 2.33125 0.992992 43.1608
188 2.34375 0.955535 43.8201
189 2.35625 0.959148 44.489
190 2.36875 0.976904 45.1774
191 2.38125 0.94501 45.8505
192 2.39375 0.932046 46.5213
193 2.40625 0.907616 47.1813
194 2.41875 0.894804 47.8389
195 2.43125 0.887074 48.4975
196 2.44375 0.920204 49.1877
197 2.45625 0.909187 49.8767
198 2.46875 0.894773 50.5616
199 2.48125 0.878077 51.2406
200 2.49375 0.893926 51.9389
170000 200
1 0.00625 0 0
2 0.01875 0 0
3 0.03125 0 0
4 0.04375 0 0
5 0.05625 0 0
6 0.06875 0 0
7 0.08125 0 0
8 0.09375 0 0
9 0.10625 0 0
10 0.11875 0 0
11 0.13125 0 0
12 0.14375 0 0
13 0.15625 0 0
14 0.16875 0 0
15 0.18125 0 0
16 0.19375 0 0
17 0.20625 0 0
18 0.21875 0 0
19 0.23125 0 0
20 0.24375 0 0
21 0.25625 0 0
22 0.26875 0 0
23 0.28125 0 0
24 0.29375 0 0
25 0.30625 0 0
26 0.31875 0 0
27 0.33125 0 0
28 0.34375 0 0
29 0.35625 0 0
30 0.36875 0 0
31 0.38125 0 0
32 0.39375 0 0
33 0.40625 0 0
34 0.41875 0 0
35 0.43125 0 0
36 0.44375 0 0
37 0.45625 0 0
38 0.46875 0 0
39 0.48125 0 0
40 0.49375 0 0
41 0.50625 0 0
42 0.51875 0 0
43 0.53125 0 0
44 0.54375 0 0
45 0.55625 0 0
46 0.56875 0 0
47 0.58125 0 0
48 0.59375 0 0
49 0.60625 0 0
50 0.61875 0 0
51 0.63125 0 0
52 0.64375 0 0
53 0.65625 0 0
54 0.66875 0 0
55 0.68125 0 0
56 0.69375 0 0
57 0.70625 0 0
58 0.71875 0 0
59 0.73125 0 0
60 0.74375 0 0
61 0.75625 0 0
62 0.76875 0 0
63 0.78125 0 0
64 0.79375 0 0
65 0.80625 0 0
66 0.81875 0 0
67 0.83125 0 0
68 0.84375 0 0
69 0.85625 0 0
70 0.86875 0 0
71 0.88125 0 0
72 0.89375 0.00194667 0.000195313
73 0.90625 0.0066267 0.000878906
74 0.91875 0.0285537 0.00390625
75 0.93125 0.0788943 0.0125
76 0.94375 0.209504 0.0359375
77 0.95625 0.359661 0.0772461
78 0.96875 0.647858 0.153613
79 0.98125 0.991598 0.273535
80 0.99375 1.25575 0.429297
81 1.00625 1.67932 0.642871
82 1.01875 1.91629 0.892676
83 1.03125 2.18376 1.18437
84 1.04375 2.4101 1.51416
85 1.05625 2.53668 1.86963
86 1.06875 2.64854 2.24961
87 1.08125 2.67544 2.64248
88 1.09375 2.56979 3.02861
89 1.10625 2.55144 3.4208
90 1.11875 2.52953 3.81846
91 1.13125 2.34088 4.19473
92 1.14375 2.24483 4.56357
93 1.15625 2.14072 4.92305
94 1.16875 2.01151 5.26816
95 1.18125 1.85772 5.59375
96 1.19375 1.82338 5.92012
97 1.20625 1.75854 6.2415
98 1.21875 1.52479 6.52598
99 1.23125 1.46527 6.80498
100 1.24375 1.39625 7.07627
101 1.25625 1.31737 7.3374
102 1.26875 1.26546 7.59326
103 1.28125 1.22005 7.84482
104 1.29375 1.11948 8.08018
105 1.30625 1.06352 8.30811
106 1.31875 1.03049 8.5332
107 1.33125 0.956832 8.74619
108 1.34375 0.92964 8.95703
109 1.35625 0.859747 9.15566
110 1.36875 0.877731 9.36221
111 1.38125 0.866399 9.56982
112 1.39375 0.810903 9.76768
113 1.40625 0.763132 9.95723
114 1.41875 0.791461 10.1573
115 1.43125 0.736326 10.3468
116 1.44375 0.703116 10.5309
117 1.45625 0.705029 10.7187
118 1.46875 0.695963 10.9072
119 1.48125 0.691354 11.0978
120 1.49375 0.698299 11.2935
121 1.50625 0.677505 11.4865
122 1.51875 0.645163 11.6734
123 1.53125 0.651252 11.8652
124 1.54375 0.670763 12.066
125 1.55625 0.624718 12.2561
126 1.56875 0.652714 12.4578
127 1.58125 0.661403 12.6655
128 1.59375 0.671578 12.8798
129 1.60625 0.664782 13.0952
130 1.61875 0.703216 13.3267
131 1.63125 0.639887 13.5405
132 1.64375 0.680837 13.7716
133 1.65625 0.69129 14.0098
134 1.66875 0.686277 14.2498
135 1.68125 0.747077 14.515
136 1.69375 0.730942 14.7784
137 1.70625 0.762467 15.0572
138 1.71875 0.755891 15.3377
139 1.73125 0.80416 15.6404
140 1.74375 0.787814 15.9413
141 1.75625 0.774371 16.2413
142 1.76875 0.856412 16.5778
143 1.78125 0.856442 16.9191
144 1.79375 0.896501 17.2814
145 1.80625 0.885327 17.6442
146 1.81875 0.923734 18.028
147 1.83125 0.948958 18.4277
148 1.84375 0.966325 18.8403
149 1.85625 0.979755 19.2644
150 1.86875 0.99185 19.6994
151 1.88125 1.03056 20.1575
152 1.89375 1.07033 20.6396
153 1.90625 1.04372 21.116
154 1.91875 1.11717 21.6326
155 1.93125 1.11818 22.1564
156 1.94375 1.14747 22.701
157 1.95625 1.13306 23.2456
158 1.96875 1.15603 23.8084
159 1.98125 1.15674 24.3787
160 1.99375 1.1814 24.9686
161 2.00625 1.15919 25.5546
162 2.01875 1.21165 26.1748
163 2.03125 1.21073 26.8022
164 2.04375 1.21998 27.4423
165 2.05625 1.24344 28.1026
166 2.06875 1.20175 28.7486
167 2.08125 1.23295 29.4194
168 2.09375 1.21508 30.0885
169 2.10625 1.19562 30.7547
170 2.11875 1.21048 31.4372
171 2.13125 1.21857 32.1324
172 2.14375 1.22995 32.8424
173 2.15625 1.17961 33.5312
174 2.16875 1.17746 34.2269
175 2.18125 1.16547 34.9233
176 2.19375 1.14173 35.6135
177 2.20625 1.14033 36.3106
178 2.21875 1.13746 37.014
179 2.23125 1.12975 37.7204
180 2.24375 1.10052 38.4163
181 2.25625 1.07477 39.1035
182 2.26875 1.06734 39.7936
183 2.28125 1.04028 40.4735
184 2.29375 1.00578 41.1382
185 2.30625 0.99768 41.8047
186 2.31875 0.999244 42.4795
187 2.33125 0.98355 43.1509
188 2.34375 0.976766 43.8248
189 2.35625 0.981835 44.5095
190 2.36875 0.960415 45.1863
191 2.38125 0.9398 45.8557
192 2.39375 0.945343 46.536
193 2.40625 0.924402 47.2083
194 2.41875 0.913941 47.8799
195 2.43125 0.901806 48.5494
196 2.44375 0.879454 49.2091
197 2.45625 0.892563 49.8854
198 2.46875 0.888395 50.5655
199 2.48125 0.888811 51.2528
200 2.49375 0.880048 51.9402
180000 200
1 0.00625 0 0
2 0.01875 0 0
3 0.03125 0 0
4 0.04375 0 0
5 0.05625 0 0
6 0.06875 0 0
7 0.08125 0 0
8 0.09375 0 0
9 0.10625 0 0
10 0.11875 0 0
11 0.13125 0 0
12 0.14375 0 0
13 0.15625 0 0
14 0.16875 0 0
15 0.18125 0 0
16 0.19375 0 0
17 0.20625 0 0
18 0.21875 0 0
19 0.23125 0 0
20 0.24375 0 0
21 0.25625 0 0
22 0.26875 0 0
23 0.28125 0 0
24 0.29375 0 0
25 0.30625 0 0
26 0.31875 0 0
27 0.33125 0 0
28 0.34375 0 0
29 0.35625 0 0
30 0.36875 0 0
31 0.38125 0 0
32 0.39375 0 0
33 0.40625 0 0
34 0.41875 0 0
35 0.43125 0 0
36 0.44375 0 0
37 0.45625 0 0
38 0.46875 0 0
39 0.48125 0 0
40 0.49375 0 0
41 0.50625 0 0
42 0.51875 0 0
43 0.53125 0 0
44 0.54375 0 0
45 0.55625 0 0
46 0.56875 0 0
47 0.58125 0 0
48 0.59375 0 0
49 0.60625 0 0
50 0.61875 0 0
51 0.63125 0 0
52 0.64375 0 0
53 0.65625 0 0
54 0.66875 0 0
55 0.68125 0 0
56 0.69375 0 0
57 0.70625 0 0
58 0.71875 0 0
59 0.73125 0 0
60 0.74375 0 0
61 0.75625 0 0
62 0.76875 0 0
63 0.78125 0 0
64 0.79375 0 0
65 0.80625 0 0
66 0.81875 0 0
67 0.83125 0 0
68 0.84375 0 0
69 0.85625 0 0
70 0.86875 0 0
71 0.88125 0 0
72 0.89375 0.00194667 0.000195313
73 0.90625 0.00946672 0.00117187
74 0.91875 0.0276326 0.00410156
75 0.93125 0.0869631 0.0135742
76 0.94375 0.213869 0.0375
77 0.95625 0.396222 0.0830078
78 0.96875 0.633774 0.157715
79 0.98125 0.937496 0.271094
80 0.99375 1.30692 0.433203
81 1.00625 1.64784 0.642773
82 1.01875 1.90356 0.890918
83 1.03125 2.23201 1.18906
84 1.04375 2.50074 1.53125
85 1.05625 2.50253 1.88193
86 1.06875 2.66215 2.26387
87 1.08125 2.65349 2.65352
88 1.09375 2.63608 3.04961
89 1.10625 2.53365 3.43906
90 1.11875 2.44691 3.82373
91 1.13125 2.33359 4.19883
92 1.14375 2.23591 4.56621
93 1.15625 2.1192 4.92207
94 1.16875 1.96996 5.26006
95 1.18125 1.8984 5.59277
96 1.19375 1.77919 5.91123
97 1.20625 1.70403 6.22266
98 1.21875 1.5452 6.51094
99 1.23125 1.51604 6.79961
100 1.24375 1.37866 7.06748
101 1.25625 1.32969 7.33105
102 1.26875 1.29396 7.59268
103 1.28125 1.20063 7.84023
104 1.29375 1.12087 8.07588
105 1.30625 1.04211 8.29922
106 1.31875 0.990704 8.51562
107 1.33125 0.962535 8.72988
108 1.34375 0.966671 8.94912
109 1.35625 0.90117 9.15732
110 1.36875 0.839966 9.35498
111 1.38125 0.837465 9.55566
112 1.39375 0.832517 9.75879
113 1.40625 0.756842 9.94678
114 1.41875 0.761332 10.1393
115 1.43125 0.738983 10.3294
116 1.44375 0.728107 10.52
117 1.45625 0.714561 10.7104
118 1.46875 0.686592 10.8964
119 1.48125 0.699504 11.0892
120 1.49375 0.67112 11.2772
121 1.50625 0.723426 11.4834
122 1.51875 0.646511 11.6707
123 1.53125 0.660205 11.8651
124 1.54375 0.665217 12.0643
125 1.55625 0.68154 12.2716
126 1.56875 0.647975 12.4719
127 1.58125 0.645545 12.6746
128 1.59375 0.695453 12.8965
129 1.60625 0.664179 13.1117
130 1.61875 0.677402 13.3347
131 1.63125 0.68839 13.5647
132 1.64375 0.684003 13.7969
133 1.65625 0.704328 14.0396
134 1.66875 0.70973 14.2878
135 1.68125 0.703892 14.5377
136 1.69375 0.721456 14.7977
137 1.70625 0.731221 15.065
138 1.71875 0.743521 15.3409
139 1.73125 0.778738 15.6341
140 1.74375 0.78807 15.9351
141 1.75625 0.796301 16.2436
142 1.76875 0.834045 16.5713
143 1.78125 0.852276 16.9109
144 1.79375 0.856388 17.257
145 1.80625 0.907728 17.629
146 1.81875 0.924204 18.013
147 1.83125 0.942466 18.41
148 1.84375 0.968612 18.8235
149 1.85625 0.968022 19.2425
150 1.86875 1.00098 19.6815
151 1.88125 1.03935 20.1436
152 1.89375 1.04887 20.616
153 1.90625 1.08287 21.1103
154 1.91875 1.10091 21.6193
155 1.93125 1.10672 22.1378
156 1.94375 1.12422 22.6713
157 1.95625 1.15033 23.2242
158 1.96875 1.1803 23.7988
159 1.98125 1.1706 24.376
160 1.99375 1.17729 24.9638
161 2.00625 1.20323 25.5721
162 2.01875 1.20536 26.1891
163 2.03125 1.2064 26.8143
164 2.04375 1.23971 27.4646
165 2.05625 1.22928 28.1175
166 2.06875 1.21865 28.7726
167 2.08125 1.21877 29.4356
168 2.09375 1.22289 30.109
169 2.10625 1.22822 30.7934
170 2.11875 1.21152 31.4765
171 2.13125 1.21891 32.1719
172 2.14375 1.18664 32.8568
173 2.15625 1.21874 33.5686
174 2.16875 1.17217 34.261
175 2.18125 1.14259 34.9438
176 2.19375 1.15174 35.64
177 2.20625 1.12675 36.3289
178 2.21875 1.10872 37.0145
179 2.23125 1.09664 37.7002
180 2.24375 1.08755 38.3879
181 2.25625 1.08485 39.0815
182 2.26875 1.03879 39.7531
183 2.28125 1.05537 40.443
184 2.29375 1.00415 41.1065
185 2.30625 1.02209 41.7894
186 2.31875 1.00271 42.4665
187 2.33125 1.01416 43.1588
188 2.34375 0.978182 43.8337
189 2.35625 0.959848 44.503
190 2.36875 0.957505 45.1778
191 2.38125 0.947478 45.8526
192 2.39375 0.919969 46.5147
193 2.40625 0.908288 47.1753
194 2.41875 0.907961 47.8425
195 2.43125 0.92706 48.5308
196 2.44375 0.894687 49.2019
197 2.45625 0.898748 49.8829
198 2.46875 0.9023 50.5736
199 2.48125 0.897778 51.2679
200 2.49375 0.871547 51.9486
190000 200
1 0.00625 0 0
2 0.01875 0 0
3 0.03125 0 0
4 0.04375 0 0
5 0.05625 0 0
6 0.06875 0 0
7 0.08125 0 0
8 0.09375 0 0
9 0.10625 0 0
10 0.11875 0 0
11 0.13125 0 0
12 0.14375 0 0
13 0.15625 0 0
14 0.16875 0 0
15 0.18125 0 0
16 0.19375 0 0
17 0.20625 0 0
18 0.21875 0 0
19 0.23125 0 0
20 0.24375 0 0
21 0.25625 0 0
22 0.26875 0 0
23 0.28125 0 0
24 0.29375 0 0
25 0.30625 0 0
26 0.31875 0 0
27 0.33125 0 0
28 0.34375 0 0
29 0.35625 0 0
30 0.36875 0 0
31 0.38125 0 0
32 0.39375 0 0
33 0.40625 0 0
34 0.41875 0 0
35 0.43125 0 0
36 0.44375 0 0
37 0.45625 0 0
38 0.46875 0 0
39 0.48125 0 0
40 0.49375 0 0
41 0.50625 0 0
42 0.51875 0 0
43 0.53125 0 0
44 0.54375 0 0
45 0.55625 0 0
46 0.56875 0 0
47 0.58125 0 0
48 0.59375 0 0
49 0.60625 0 0
50 0.61875 0 0
51 0.63125 0 0
52 0.64375 0 0
53 0.65625 0 0
54 0.66875 0 0
55 0.68125 0 0
56 0.69375 0 0
57 0.70625 0 0
58 0.71875 0 0
59 0.73125 0 0
60 0.74375 0 0
61 0.75625 0 0
62 0.76875 0 0
63 0.78125 0 0
64 0.79375 0 0
65 0.80625 0 0
66 0.81875 0 0
67 0.83125 0 0
68 0.84375 0 0
69 0.85625 0 0
70 0.86875 0 0
71 0.88125 0 0
72 0.89375 0 0
73 0.90625 0.00473336 0.000488281
74 0.91875 0.0248694 0.003125
75 0.93125 0.0896527 0.0128906
76 0.94375 0.201648 0.0354492
77 0.95625 0.373265 0.0783203
78 0.96875 0.626318 0.152148
79 0.98125 0.968988 0.269336
80 0.99375 1.26756 0.426563
81 1.00625 1.62096 0.632715
82 1.01875 1.90356 0.880859
83 1.03125 2.21081 1.17617
84 1.04375 2.49788 1.51797
85 1.05625 2.60985 1.88369
86 1.06875 2.70708 2.27207
87 1.08125 2.60362 2.65439
88 1.09375 2.68483 3.05781
89 1.10625 2.49934 3.44199
90 1.11875 2.46306 3.8292
91 1.13125 2.34028 4.20537
92 1.14375 2.24542 4.57432
93 1.15625 2.09303 4.92578
94 1.16875 2.00638 5.27002
95 1.18125 1.85661 5.59541
96 1.19375 1.79992 5.91758
97 1.20625 1.67732 6.22412
98 1.21875 1.55515 6.51426
99 1.23125 1.52476 6.80459
100 1.24375 1.40329 7.07725
101 1.25625 1.31244 7.3374
102 1.26875 1.23889 7.58789
103 1.28125 1.13669 7.82227
104 1.29375 1.12087 8.05791
105 1.30625 1.05122 8.2832
106 1.31875 1.03988 8.51035
107 1.33125 0.952445 8.72236
108 1.34375 0.944711 8.93662
109 1.35625 0.893985 9.14316
110 1.36875 0.900141 9.35498
111 1.38125 0.852951 9.55937
112 1.39375 0.839721 9.76426
113 1.40625 0.772568 9.95615
114 1.41875 0.758629 10.1479
115 1.43125 0.740881 10.3386
116 1.44375 0.738551 10.5319
117 1.45625 0.727027 10.7256
118 1.46875 0.653794 10.9027
119 1.48125 0.689582 11.0928
120 1.49375 0.683316 11.2843
121 1.50625 0.664825 11.4737
122 1.51875 0.674151 11.669
123 1.53125 0.643625 11.8586
124 1.54375 0.668806 12.0588
125 1.55625 0.645906 12.2553
126 1.56875 0.667247 12.4615
127 1.58125 0.667312 12.6711
128 1.59375 0.625051 12.8705
129 1.60625 0.664179 13.0857
130 1.61875 0.700249 13.3162
131 1.63125 0.669982 13.5401
132 1.64375 0.70616 13.7798
133 1.65625 0.703761 14.0223
134 1.66875 0.694932 14.2653
135 1.68125 0.722046 14.5217
136 1.69375 0.729044 14.7844
137 1.70625 0.770479 15.0661
138 1.71875 0.765893 15.3503
139 1.73125 0.778998 15.6436
140 1.74375 0.797786 15.9482
141 1.75625 0.828819 16.2693
142 1.76875 0.83827 16.5987
143 1.78125 0.864529 16.9433
144 1.79375 0.875236 17.297
145 1.80625 0.911065 17.6703
146 1.81875 0.906576 18.047
147 1.83125 0.95174 18.4479
148 1.84375 0.937964 18.8483
149 1.85625 0.99352 19.2783
150 1.86875 0.979828 19.7081
151 1.88125 1.04923 20.1745
152 1.89375 1.02394 20.6357
153 1.90625 1.06105 21.12
154 1.91875 1.07388 21.6166
155 1.93125 1.15133 22.156
156 1.94375 1.14439 22.699
157 1.95625 1.12981 23.2421
158 1.96875 1.13918 23.7967
159 1.98125 1.15218 24.3647
160 1.99375 1.1857 24.9567
161 2.00625 1.20845 25.5677
162 2.01875 1.23493 26.1998
163 2.03125 1.22486 26.8346
164 2.04375 1.21961 27.4744
165 2.05625 1.23351 28.1295
166 2.06875 1.23046 28.7909
167 2.08125 1.21662 29.4528
168 2.09375 1.21437 30.1215
169 2.10625 1.19842 30.7893
170 2.11875 1.21775 31.4759
171 2.13125 1.18845 32.1539
172 2.14375 1.19713 32.8449
173 2.15625 1.19031 33.54
174 2.16875 1.15878 34.2246
175 2.18125 1.14962 34.9116
176 2.19375 1.16354 35.6149
177 2.20625 1.13458 36.3086
178 2.21875 1.11946 37.0008
179 2.23125 1.08634 37.6801
180 2.24375 1.0738 38.3591
181 2.25625 1.07171 39.0443
182 2.26875 1.05404 39.7258
183 2.28125 1.03102 40.3997
184 2.29375 1.05986 41.1001
185 2.30625 1.02867 41.7873
186 2.31875 1.00445 42.4656
187 2.33125 0.984551 43.1377
188 2.34375 0.981437 43.8148
189 2.35625 0.969371 44.4908
190 2.36875 0.961385 45.1684
191 2.38125 0.956391 45.8495
192 2.39375 0.934081 46.5218
193 2.40625 0.917419 47.189
194 2.41875 0.912878 47.8598
195 2.43125 0.895229 48.5244
196 2.44375 0.89677 49.1971
197 2.45625 0.899264 49.8785
198 2.46875 0.887757 50.5581
199 2.48125 0.877824 51.2369
200 2.49375 0.898177 51.9385
200000 200
1 0.00625 0 0
2 0.01875 0 0
3 0.03125 0 0
4 0.04375 0 0
5 0.05625 0 0
6 0.06875 0 0
7 0.08125 0 0
8 0.09375 0 0
9 0.10625 0 0
10 0.11875 0 0
11 0.13125 0 0
12 0.14375 0 0
13 0.15625 0 0
14 0.16875 0 0
15 0.18125 0 0
16 0.19375 0 0
17 0.20625 0 0
18 0.21875 0 0
19 0.23125 0 0
20 0.24375 0 0
21 0.25625 0 0
22 0.26875 0 0
23 0.28125 0 0
24 0.29375 0 0
25 0.30625 0 0
26 0.31875 0 0
27 0.33125 0 0
28 0.34375 0 0
29 0.35625 0 0
30 0.36875 0 0
31 0.38125 0 0
32 0.39375 0 0
33 0.40625 0 0
34 0.41875 0 0
35 0.43125 0 0
36 0.44375 0 0
37 0.45625 0 0
38 0.46875 0 0
39 0.48125 0 0
40 0.49375 0 0
41 0.50625 0 0
42 0.51875 0 0
43 0.53125 0 0
44 0.54375 0 0
45 0.55625 0 0
46 0.56875 0 0
47 0.58125 0 0
48 0.59375 0 0
49 0.60625 0 0
50 0.61875 0 0
51 0.63125 0 0
52 0.64375 0 0
53 0.65625 0 0
54 0.66875 0 0
55 0.68125 0 0
56 0.69375 0 0
57 0.70625 0 0
58 0.71875 0 0
59 0.73125 0 0
60 0.74375 0 0
61 0.75625 0 0
62 0.76875 0 0
63 0.78125 0 0
64 0.79375 0 0
65 0.80625 0 0
66 0.81875 0 0
67 0.83125 0 0
68 0.84375 0 0
69 0.85625 0 0
70 0.86875 0 0
71 0.88125 0 0
72 0.89375 0.000973337 9.76563e-05
73 0.90625 0.0104134 0.00117187
74 0.91875 0.0322381 0.00458984
75 0.93125 0.0753082 0.012793
76 0.94375 0.170222 0.0318359
77 0.95625 0.403875 0.0782227
78 0.96875 0.603121 0.149316
79 0.98125 0.935073 0.262402
80 0.99375 1.24158 0.416406
81 1.00625 1.67779 0.629785
82 1.01875 2.02192 0.893359
83 1.03125 2.27734 1.19756
84 1.04375 2.41296 1.52773
85 1.05625 2.59312 1.89111
86 1.06875 2.60497 2.26484
87 1.08125 2.52315 2.63535
88 1.09375 2.64323 3.03252
89 1.10625 2.60607 3.43311
90 1.11875 2.41771 3.81318
91 1.13125 2.30929 4.18438
92 1.14375 2.23769 4.55205
93 1.15625 2.06105 4.89814
94 1.16875 2.01948 5.24463
95 1.18125 1.90452 5.57842
96 1.19375 1.79883 5.90039
97 1.20625 1.69228 6.20967
98 1.21875 1.5698 6.50254
99 1.23125 1.51655 6.79131
100 1.24375 1.45506 7.07402
101 1.25625 1.34841 7.34131
102 1.26875 1.20074 7.58408
103 1.28125 1.21721 7.83506
104 1.29375 1.14595 8.07598
105 1.30625 1.08494 8.3085
106 1.31875 1.02468 8.53232
107 1.33125 0.992806 8.75332
108 1.34375 0.937821 8.96602
109 1.35625 0.893139 9.17236
110 1.36875 0.847851 9.37187
111 1.38125 0.837872 9.57266
112 1.39375 0.834918 9.77637
113 1.40625 0.78515 9.97139
114 1.41875 0.759015 10.1633
115 1.43125 0.755683 10.3577
116 1.44375 0.73594 10.5504
117 1.45625 0.711262 10.7398
118 1.46875 0.722634 10.9356
119 1.48125 0.67966 11.1229
120 1.49375 0.691679 11.3168
121 1.50625 0.665853 11.5065
122 1.51875 0.666398 11.6996
123 1.53125 0.641636 11.8886
124 1.54375 0.655103 12.0847
125 1.55625 0.652005 12.283
126 1.56875 0.642604 12.4816
127 1.58125 0.662958 12.6898
128 1.59375 0.65964 12.9003
129 1.60625 0.669905 13.1174
130 1.61875 0.669094 13.3376
131 1.63125 0.648652 13.5544
132 1.64375 0.684866 13.7868
133 1.65625 0.670883 14.018
134 1.66875 0.711405 14.2668
135 1.68125 0.726722 14.5248
136 1.69375 0.735549 14.7898
137 1.70625 0.742704 15.0614
138 1.71875 0.771946 15.3479
139 1.73125 0.783667 15.6429
140 1.74375 0.807759 15.9514
141 1.75625 0.809661 16.265
142 1.76875 0.835288 16.5933
143 1.78125 0.837573 16.9271
144 1.79375 0.885627 17.285
145 1.80625 0.901532 17.6544
146 1.81875 0.885892 18.0225
147 1.83125 0.933656 18.4157
148 1.84375 0.971128 18.8304
149 1.85625 0.986524 19.2573
150 1.86875 0.98851 19.6909
151 1.88125 1.02089 20.1447
152 1.89375 1.01808 20.6033
153 1.90625 1.06469 21.0893
154 1.91875 1.08549 21.5912
155 1.93125 1.11068 22.1115
156 1.94375 1.11208 22.6393
157 1.95625 1.13448 23.1846
158 1.96875 1.18271 23.7604
159 1.98125 1.18387 24.344
160 1.99375 1.1859 24.9361
161 2.00625 1.1928 25.5392
162 2.01875 1.20307 26.155
163 2.03125 1.21525 26.7848
164 2.04375 1.2224 27.4261
165 2.05625 1.2462 28.0879
166 2.06875 1.21429 28.7406
167 2.08125 1.22595 29.4076
168 2.09375 1.24204 30.0915
169 2.10625 1.22909 30.7764
170 2.11875 1.1819 31.4428
171 2.13125 1.21755 32.1374
172 2.14375 1.20119 32.8308
173 2.15625 1.20737 33.5358
174 2.16875 1.17101 34.2276
175 2.18125 1.16563 34.9242
176 2.19375 1.14124 35.6141
177 2.20625 1.12755 36.3034
178 2.21875 1.10256 36.9852
179 2.23125 1.12694 37.6898
180 2.24375 1.08956 38.3788
181 2.25625 1.07034 39.0632
182 2.26875 1.05359 39.7443
183 2.28125 1.06643 40.4414
184 2.29375 1.0541 41.138
185 2.30625 0.998411 41.805
186 2.31875 1.01558 42.4908
187 2.33125 0.986268 43.1641
188 2.34375 0.975068 43.8368
189 2.35625 0.978474 44.5191
190 2.36875 0.958336 45.1945
191 2.38125 0.94789 45.8696
192 2.39375 0.947107 46.5513
193 2.40625 0.940515 47.2353
194 2.41875 0.919789 47.9111
195 2.43125 0.932848 48.6037
196 2.44375 0.907185 49.2842
197 2.45625 0.883026 49.9533
198 2.46875 0.891201 50.6355
199 2.48125 0.879971 51.316
200 2.49375 0.895426 52.0154
